     0.1047197551     0.9088993753    -0.2077847571
     0.3141592654     0.8257574850    -0.3875662039
     0.5235987756     0.6878724948    -0.4630695195
     0.7330382858     0.5647942752    -0.4920950056
     0.9424777961     0.4627268979    -0.4945897784
     1.1519173063     0.3803796315    -0.4820072525
     1.3613568166     0.3147634750    -0.4616215922
     1.5707963268     0.2626511627    -0.4378644148
     1.7802358370     0.2211654909    -0.4132918427
     1.9896753473     0.1879497025    -0.3892948684
     2.1991148575     0.1611525219    -0.3665718764
     2.4085543678     0.1393490735    -0.3454233244
     2.6179938780     0.1214518342    -0.3259285556
     2.8274333882     0.1066318878    -0.3080492869
     3.0368728985     0.0942556274    -0.2916890472
     3.2463124087     0.0838361405    -0.2767266735
     3.4557519189     0.0749966975    -0.2630347192
     3.6651914292     0.0674436095    -0.2504891706
     3.8746309394     0.0609461091    -0.2389742062
     4.0840704497     0.0553214211    -0.2283841720
     4.2935099599     0.0504236393    -0.2186240290
     4.5029494701     0.0461353956    -0.2096089973
     4.7123889804     0.0423615791    -0.2012638118
     4.9218284906     0.0390245685    -0.1935218206
     5.1312680009     0.0360605870    -0.1863240562
     5.3407075111     0.0334168950    -0.1796183444
     5.5501470213     0.0310496132    -0.1733584845
     5.7595865316     0.0289220215    -0.1675035114
     5.9690260418     0.0270032215    -0.1620170429
     6.1784655521     0.0252670774    -0.1568667064
     6.3879050623     0.0236913722    -0.1520236387
     6.5973445725     0.0222571311    -0.1474620512
     6.8067840828     0.0209480755    -0.1431588529
     7.0162235930     0.0197501812    -0.1390933229
     7.2256631033     0.0186513166    -0.1352468271
     7.4351026135     0.0176409474    -0.1316025720
     7.6445421237     0.0167098927    -0.1281453904
     7.8539816340     0.0158501230    -0.1248615562
     8.0634211442     0.0150545929    -0.1217386216
     8.2728606545     0.0143171002    -0.1187652761
     8.4823001647     0.0136321690    -0.1159312227
     8.6917396749     0.0129949502    -0.1132270696
     8.9011791852     0.0124011382    -0.1106442349
     9.1106186954     0.0118468996    -0.1081748631
     9.3200582056     0.0113288128    -0.1058117511
     9.5294977159     0.0108438162    -0.1035482834
     9.7389372261     0.0103891642    -0.1013783741
     9.9483767364     0.0099623886    -0.0992964159
    10.1578162466     0.0095612661    -0.0972972349
    10.3672557568     0.0091837900    -0.0953760497
    10.5766952671     0.0088281450    -0.0935284357
    10.7861347773     0.0084926860    -0.0917502930
    10.9955742876     0.0081759195    -0.0900378169
    11.2050137978     0.0078764871    -0.0883874730
    11.4144533080     0.0075931512    -0.0867959730
    11.6238928183     0.0073247823    -0.0852602546
    11.8333323285     0.0070703478    -0.0837774621
    12.0427718388     0.0068289026    -0.0823449299
    12.2522113490     0.0065995799    -0.0809601666
    12.4616508592     0.0063815841    -0.0796208414
    12.6710903695     0.0061741833    -0.0783247718
    12.8805298797     0.0059767038    -0.0770699113
    13.0899693900     0.0057885244    -0.0758543397
    13.2994089002     0.0056090718    -0.0746762534
    13.5088484104     0.0054378158    -0.0735339568
    13.7182879207     0.0052742660    -0.0724258542
    13.9277274309     0.0051179680    -0.0713504428
    14.1371669412     0.0049685003    -0.0703063059
    14.3466064514     0.0048254714    -0.0692921073
    14.5560459616     0.0046885177    -0.0683065849
    14.7654854719     0.0045573005    -0.0673485466
    14.9749249821     0.0044315046    -0.0664168648
    15.1843644924     0.0043108360    -0.0655104725
    15.3938040026     0.0041950203    -0.0646283593
    15.6032435128     0.0040838012    -0.0637695674
    15.8126830231     0.0039769391    -0.0629331887
    16.0221225333     0.0038742098    -0.0621183614
    16.2315620435     0.0037754032    -0.0613242669
    16.4410015538     0.0036803225    -0.0605501275
    16.6504410640     0.0035887830    -0.0597952037
    16.8598805743     0.0035006112    -0.0590587920
    17.0693200845     0.0034156443    -0.0583402225
    17.2787595947     0.0033337290    -0.0576388574
    17.4881991050     0.0032547211    -0.0569540885
    17.6976386152     0.0031784848    -0.0562853359
    17.9070781255     0.0031048923    -0.0556320465
    18.1165176357     0.0030338228    -0.0549936920
    18.3259571459     0.0029651624    -0.0543697680
    18.5353966562     0.0028988037    -0.0537597924
    18.7448361664     0.0028346450    -0.0531633042
    18.9542756767     0.0027725903    -0.0525798626
    19.1637151869     0.0027125486    -0.0520090456
    19.3731546971     0.0026544340    -0.0514504491
    19.5825942074     0.0025981650    -0.0509036861
    19.7920337176     0.0025436642    -0.0503683858
    20.0014732279     0.0024908586    -0.0498441924
    20.2109127381     0.0024396786    -0.0493307650
    20.4203522483     0.0023900581    -0.0488277762
    20.6297917586     0.0023419346    -0.0483349117
    20.8392312688     0.0022952485    -0.0478518699
    21.0486707791     0.0022499432    -0.0473783607
    21.2581102893     0.0022059649    -0.0469141055
    21.4675497995     0.0021632621    -0.0464588364
    21.6769893098     0.0021217862    -0.0460122957
    21.8864288200     0.0020814907    -0.0455742353
    22.0958683302     0.0020423312    -0.0451444167
    22.3053078405     0.0020042654    -0.0447226098
    22.5147473507     0.0019672530    -0.0443085934
    22.7241868610     0.0019312556    -0.0439021541
    22.9336263712     0.0018962364    -0.0435030863
    23.1430658814     0.0018621603    -0.0431111917
    23.3525053917     0.0018289938    -0.0427262789
    23.5619449019     0.0017967048    -0.0423481636
    23.7713844122     0.0017652626    -0.0419766676
    23.9808239224     0.0017346380    -0.0416116190
    24.1902634326     0.0017048029    -0.0412528518
    24.3997029429     0.0016757303    -0.0409002054
    24.6091424531     0.0016473945    -0.0405535250
    24.8185819634     0.0016197709    -0.0402126607
    25.0280214736     0.0015928357    -0.0398774676
    25.2374609838     0.0015665664    -0.0395478057
    25.4469004941     0.0015409412    -0.0392235394
    25.6563400043     0.0015159392    -0.0389045376
    25.8657795146     0.0014915403    -0.0385906733
    26.0752190248     0.0014677254    -0.0382818237
    26.2846585350     0.0014444760    -0.0379778697
    26.4940980453     0.0014217743    -0.0376786961
    26.7035375555     0.0013996032    -0.0373841911
    26.9129770658     0.0013779464    -0.0370942465
    27.1224165760     0.0013567880    -0.0368087573
    27.3318560862     0.0013361130    -0.0365276219
    27.5412955965     0.0013159067    -0.0362507415
    27.7507351067     0.0012961551    -0.0359780205
    27.9601746169     0.0012768445    -0.0357093658
    28.1696141272     0.0012579621    -0.0354446875
    28.3790536374     0.0012394952    -0.0351838980
    28.5884931477     0.0012214318    -0.0349269123
    28.7979326579     0.0012037601    -0.0346736480
    29.0073721681     0.0011864690    -0.0344240250
    29.2168116784     0.0011695476    -0.0341779652
    29.4262511886     0.0011529855    -0.0339353932
    29.6356906989     0.0011367724    -0.0336962354
    29.8451302091     0.0011208988    -0.0334604203
    30.0545697193     0.0011053552    -0.0332278785
    30.2640092296     0.0010901326    -0.0329985422
    30.4734487398     0.0010752220    -0.0327723458
    30.6828882501     0.0010606152    -0.0325492253
    30.8923277603     0.0010463039    -0.0323291186
    31.1017672705     0.0010322801    -0.0321119649
    31.3112067808     0.0010185363    -0.0318977053
    31.5206462910     0.0010050650    -0.0316862825
    31.7300858013     0.0009918591    -0.0314776406
    31.9395253115     0.0009789116    -0.0312717250
    32.1489648217     0.0009662159    -0.0310684829
    32.3584043320     0.0009537655    -0.0308678624
    32.5678438422     0.0009415541    -0.0306698133
    32.7772833525     0.0009295756    -0.0304742865
    32.9867228627     0.0009178242    -0.0302812341
    33.1961623729     0.0009062941    -0.0300906097
    33.4056018832     0.0008949798    -0.0299023675
    33.6150413934     0.0008838760    -0.0297164635
    33.8244809037     0.0008729775    -0.0295328542
    34.0339204139     0.0008622792    -0.0293514976
    34.2433599241     0.0008517763    -0.0291723524
    34.4527994344     0.0008414641    -0.0289953786
    34.6622389446     0.0008313379    -0.0288205368
    34.8716784548     0.0008213934    -0.0286477889
    35.0811179651     0.0008116262    -0.0284770974
    35.2905574753     0.0008020321    -0.0283084260
    35.4999969856     0.0007926070    -0.0281417390
    35.7094364958     0.0007833471    -0.0279770016
    35.9188760060     0.0007742484    -0.0278141798
    36.1283155163     0.0007653073    -0.0276532405
    36.3377550265     0.0007565201    -0.0274941513
    36.5471945368     0.0007478834    -0.0273368804
    36.7566340470     0.0007393936    -0.0271813968
    36.9660735572     0.0007310476    -0.0270276704
    37.1755130675     0.0007228420    -0.0268756715
    37.3849525777     0.0007147737    -0.0267253712
    37.5943920880     0.0007068398    -0.0265767411
    37.8038315982     0.0006990371    -0.0264297537
    38.0132711084     0.0006913630    -0.0262843819
    38.2227106187     0.0006838144    -0.0261405991
    38.4321501289     0.0006763888    -0.0259983796
    38.6415896392     0.0006690834    -0.0258576979
    38.8510291494     0.0006618957    -0.0257185293
    39.0604686596     0.0006548232    -0.0255808496
    39.2699081699     0.0006478634    -0.0254446349
    39.4793476801     0.0006410140    -0.0253098621
    39.6887871904     0.0006342725    -0.0251765083
    39.8982267006     0.0006276369    -0.0250445513
    40.1076662108     0.0006211048    -0.0249139693
    40.3171057211     0.0006146741    -0.0247847410
    40.5265452313     0.0006083427    -0.0246568453
    40.7359847415     0.0006021086    -0.0245302619
    40.9454242518     0.0005959698    -0.0244049706
    41.1548637620     0.0005899245    -0.0242809517
    41.3643032723     0.0005839706    -0.0241581860
    41.5737427825     0.0005781063    -0.0240366546
    41.7831822927     0.0005723300    -0.0239163390
    41.9926218030     0.0005666397    -0.0237972211
    42.2020613132     0.0005610339    -0.0236792830
    42.4115008235     0.0005555108    -0.0235625074
    42.6209403337     0.0005500689    -0.0234468771
    42.8303798439     0.0005447065    -0.0233323754
    43.0398193542     0.0005394222    -0.0232189859
    43.2492588644     0.0005342143    -0.0231066924
    43.4586983747     0.0005290815    -0.0229954791
    43.6681378849     0.0005240223    -0.0228853306
    43.8775773951     0.0005190353    -0.0227762316
    44.0870169054     0.0005141191    -0.0226681672
    44.2964564156     0.0005092724    -0.0225611228
    44.5058959259     0.0005044940    -0.0224550840
    44.7153354361     0.0004997824    -0.0223500366
    44.9247749463     0.0004951365    -0.0222459670
    45.1342144566     0.0004905551    -0.0221428615
    45.3436539668     0.0004860370    -0.0220407067
    45.5530934771     0.0004815810    -0.0219394896
    45.7625329873     0.0004771860    -0.0218391974
    45.9719724975     0.0004728508    -0.0217398174
    46.1814120078     0.0004685745    -0.0216413373
    46.3908515180     0.0004643559    -0.0215437448
    46.6002910282     0.0004601940    -0.0214470281
    46.8097305385     0.0004560878    -0.0213511754
    47.0191700487     0.0004520363    -0.0212561752
    47.2286095590     0.0004480385    -0.0211620162
    47.4380490692     0.0004440935    -0.0210686873
    47.6474885794     0.0004402004    -0.0209761775
    47.8569280897     0.0004363582    -0.0208844761
    48.0663675999     0.0004325661    -0.0207935726
    48.2758071102     0.0004288233    -0.0207034566
    48.4852466204     0.0004251287    -0.0206141179
    48.6946861306     0.0004214817    -0.0205255466
    48.9041256409     0.0004178815    -0.0204377327
    49.1135651511     0.0004143271    -0.0203506666
    49.3230046614     0.0004108179    -0.0202643388
    49.5324441716     0.0004073531    -0.0201787399
    49.7418836818     0.0004039319    -0.0200938608
    49.9513231921     0.0004005537    -0.0200096925
    50.1607627023     0.0003972176    -0.0199262259
    50.3702022126     0.0003939231    -0.0198434525
    50.5796417228     0.0003906693    -0.0197613636
    50.7890812330     0.0003874557    -0.0196799508
    50.9985207433     0.0003842816    -0.0195992056
    51.2079602535     0.0003811463    -0.0195191201
    51.4173997638     0.0003780492    -0.0194396861
    51.6268392740     0.0003749897    -0.0193608956
    51.8362787842     0.0003719672    -0.0192827410
    52.0457182945     0.0003689810    -0.0192052146
    52.2551578047     0.0003660307    -0.0191283088
    52.4645973149     0.0003631157    -0.0190520161
    52.6740368252     0.0003602353    -0.0189763294
    52.8834763354     0.0003573890    -0.0189012414
    53.0929158457     0.0003545763    -0.0188267450
    53.3023553559     0.0003517967    -0.0187528333
    53.5117948661     0.0003490497    -0.0186794994
    53.7212343764     0.0003463347    -0.0186067366
    53.9306738866     0.0003436512    -0.0185345382
    54.1401133969     0.0003409988    -0.0184628977
    54.3495529071     0.0003383770    -0.0183918087
    54.5589924173     0.0003357853    -0.0183212648
    54.7684319276     0.0003332233    -0.0182512597
    54.9778714378     0.0003306905    -0.0181817874
    55.1873109481     0.0003281864    -0.0181128417
    55.3967504583     0.0003257107    -0.0180444168
    55.6061899685     0.0003232628    -0.0179765067
    55.8156294788     0.0003208425    -0.0179091056
    56.0250689890     0.0003184492    -0.0178422078
    56.2345084993     0.0003160826    -0.0177758078
    56.4439480095     0.0003137423    -0.0177099000
    56.6533875197     0.0003114279    -0.0176444790
    56.8628270300     0.0003091390    -0.0175795393
    57.0722665402     0.0003068752    -0.0175150756
    57.2817060505     0.0003046363    -0.0174510829
    57.4911455607     0.0003024217    -0.0173875559
    57.7005850709     0.0003002311    -0.0173244896
    57.9100245812     0.0002980643    -0.0172618789
    58.1194640914     0.0002959209    -0.0171997190
    58.3289036017     0.0002938005    -0.0171380050
    58.5383431119     0.0002917028    -0.0170767321
    58.7477826221     0.0002896274    -0.0170158956
    58.9572221324     0.0002875742    -0.0169554910
    59.1666616426     0.0002855427    -0.0168955135
    59.3761011528     0.0002835326    -0.0168359587
    59.5855406631     0.0002815437    -0.0167768221
    59.7949801733     0.0002795757    -0.0167180994
    60.0044196836     0.0002776282    -0.0166597861
    60.2138591938     0.0002757010    -0.0166018781
    60.4232987040     0.0002737937    -0.0165443712
    60.6327382143     0.0002719062    -0.0164872612
    60.8421777245     0.0002700382    -0.0164305439
    61.0516172348     0.0002681893    -0.0163742154
    61.2610567450     0.0002663593    -0.0163182717
    61.4704962552     0.0002645481    -0.0162627088
    61.6799357655     0.0002627552    -0.0162075229
    61.8893752757     0.0002609805    -0.0161527101
    62.0988147860     0.0002592237    -0.0160982667
    62.3082542962     0.0002574846    -0.0160441890
    62.5176938064     0.0002557629    -0.0159904733
    62.7271333167     0.0002540584    -0.0159371159
    62.9365728269     0.0002523709    -0.0158841134
    63.1460123372     0.0002507002    -0.0158314621
    63.3554518474     0.0002490460    -0.0157791585
    63.5648913576     0.0002474081    -0.0157271994
    63.7743308679     0.0002457863    -0.0156755812
    63.9837703781     0.0002441804    -0.0156243006
    64.1932098884     0.0002425902    -0.0155733544
    64.4026493986     0.0002410155    -0.0155227392
    64.6120889088     0.0002394561    -0.0154724519
    64.8215284191     0.0002379117    -0.0154224892
    65.0309679293     0.0002363822    -0.0153728481
    65.2404074395     0.0002348675    -0.0153235254
    65.4498469498     0.0002333672    -0.0152745181
    65.6592864600     0.0002318813    -0.0152258232
    65.8687259703     0.0002304095    -0.0151774378
    66.0781654805     0.0002289517    -0.0151293587
    66.2876049907     0.0002275077    -0.0150815833
    66.4970445010     0.0002260773    -0.0150341085
    66.7064840112     0.0002246603    -0.0149869316
    66.9159235215     0.0002232566    -0.0149400498
    67.1253630317     0.0002218661    -0.0148934603
    67.3348025419     0.0002204884    -0.0148471603
    67.5442420522     0.0002191236    -0.0148011473
    67.7536815624     0.0002177714    -0.0147554185
    67.9631210727     0.0002164317    -0.0147099714
    68.1725605829     0.0002151043    -0.0146648032
    68.3820000931     0.0002137891    -0.0146199116
    68.5914396034     0.0002124859    -0.0145752938
    68.8008791136     0.0002111946    -0.0145309475
    69.0103186239     0.0002099150    -0.0144868702
    69.2197581341     0.0002086470    -0.0144430594
    69.4291976443     0.0002073904    -0.0143995127
    69.6386371546     0.0002061452    -0.0143562277
    69.8480766648     0.0002049112    -0.0143132022
    70.0575161751     0.0002036882    -0.0142704336
    70.2669556853     0.0002024761    -0.0142279199
    70.4763951955     0.0002012748    -0.0141856586
    70.6858347058     0.0002000842    -0.0141436476
    70.8952742160     0.0001989041    -0.0141018847
    71.1047137262     0.0001977344    -0.0140603676
    71.3141532365     0.0001965750    -0.0140190941
    71.5235927467     0.0001954257    -0.0139780622
    71.7330322570     0.0001942865    -0.0139372698
    71.9424717672     0.0001931573    -0.0138967147
    72.1519112774     0.0001920378    -0.0138563948
    72.3613507877     0.0001909281    -0.0138163082
    72.5707902979     0.0001898279    -0.0137764528
    72.7802298082     0.0001887372    -0.0137368267
    72.9896693184     0.0001876559    -0.0136974278
    73.1991088286     0.0001865839    -0.0136582542
    73.4085483389     0.0001855210    -0.0136193039
    73.6179878491     0.0001844672    -0.0135805752
    73.8274273594     0.0001834223    -0.0135420660
    74.0368668696     0.0001823863    -0.0135037746
    74.2463063798     0.0001813591    -0.0134656990
    74.4557458901     0.0001803404    -0.0134278376
    74.6651854003     0.0001793304    -0.0133901883
    74.8746249106     0.0001783288    -0.0133527496
    75.0840644208     0.0001773356    -0.0133155196
    75.2935039310     0.0001763506    -0.0132784966
    75.5029434413     0.0001753739    -0.0132416789
    75.7123829515     0.0001744052    -0.0132050647
    75.9218224618     0.0001734445    -0.0131686524
    76.1312619720     0.0001724918    -0.0131324403
    76.3407014822     0.0001715468    -0.0130964268
    76.5501409925     0.0001706096    -0.0130606102
    76.7595805027     0.0001696801    -0.0130249889
    76.9690200129     0.0001687582    -0.0129895614
    77.1784595232     0.0001678437    -0.0129543261
    77.3878990334     0.0001669366    -0.0129192813
    77.5973385437     0.0001660369    -0.0128844256
    77.8067780539     0.0001651445    -0.0128497575
    78.0162175641     0.0001642592    -0.0128152753
    78.2256570744     0.0001633810    -0.0127809777
    78.4350965846     0.0001625098    -0.0127468632
    78.6445360949     0.0001616456    -0.0127129303
    78.8539756051     0.0001607883    -0.0126791775
    79.0634151153     0.0001599377    -0.0126456034
    79.2728546256     0.0001590939    -0.0126122066
    79.4822941358     0.0001582568    -0.0125789857
    79.6917336461     0.0001574262    -0.0125459394
    79.9011731563     0.0001566022    -0.0125130661
    80.1106126665     0.0001557846    -0.0124803647
    80.3200521768     0.0001549734    -0.0124478337
    80.5294916870     0.0001541685    -0.0124154719
    80.7389311973     0.0001533699    -0.0123832778
    80.9483707075     0.0001525775    -0.0123512502
    81.1578102177     0.0001517911    -0.0123193879
    81.3672497280     0.0001510109    -0.0122876894
    81.5766892382     0.0001502366    -0.0122561537
    81.7861287485     0.0001494683    -0.0122247794
    81.9955682587     0.0001487059    -0.0121935652
    82.2050077689     0.0001479493    -0.0121625101
    82.4144472792     0.0001471984    -0.0121316127
    82.6238867894     0.0001464533    -0.0121008718
    82.8333262997     0.0001457138    -0.0120702863
    83.0427658099     0.0001449798    -0.0120398551
    83.2522053201     0.0001442515    -0.0120095768
    83.4616448304     0.0001435285    -0.0119794504
    83.6710843406     0.0001428110    -0.0119494748
    83.8805238508     0.0001420989    -0.0119196488
    84.0899633611     0.0001413921    -0.0118899713
    84.2994028713     0.0001406905    -0.0118604411
    84.5088423816     0.0001399942    -0.0118310573
    84.7182818918     0.0001393030    -0.0118018187
    84.9277214020     0.0001386169    -0.0117727242
    85.1371609123     0.0001379359    -0.0117437727
    85.3466004225     0.0001372598    -0.0117149634
    85.5560399328     0.0001365888    -0.0116862949
    85.7654794430     0.0001359226    -0.0116577665
    85.9749189532     0.0001352613    -0.0116293769
    86.1843584635     0.0001346048    -0.0116011253
    86.3937979737     0.0001339531    -0.0115730106
    86.6032374840     0.0001333061    -0.0115450318
    86.8126769942     0.0001326638    -0.0115171879
    87.0221165044     0.0001320261    -0.0114894780
    87.2315560147     0.0001313930    -0.0114619011
    87.4409955249     0.0001307645    -0.0114344562
    87.6504350352     0.0001301404    -0.0114071424
    87.8598745454     0.0001295208    -0.0113799588
    88.0693140556     0.0001289056    -0.0113529044
    88.2787535659     0.0001282948    -0.0113259783
    88.4881930761     0.0001276883    -0.0112991797
    88.6976325864     0.0001270861    -0.0112725075
    88.9070720966     0.0001264882    -0.0112459609
    89.1165116068     0.0001258944    -0.0112195391
    89.3259511171     0.0001253049    -0.0111932410
    89.5353906273     0.0001247194    -0.0111670660
    89.7448301375     0.0001241381    -0.0111410131
    89.9542696478     0.0001235608    -0.0111150814
    90.1637091580     0.0001229876    -0.0110892702
    90.3731486683     0.0001224183    -0.0110635786
    90.5825881785     0.0001218529    -0.0110380057
    90.7920276887     0.0001212915    -0.0110125507
    91.0014671990     0.0001207339    -0.0109872128
    91.2109067092     0.0001201802    -0.0109619913
    91.4203462195     0.0001196303    -0.0109368852
    91.6297857297     0.0001190841    -0.0109118939
    91.8392252399     0.0001185417    -0.0108870166
    92.0486647502     0.0001180029    -0.0108622523
    92.2581042604     0.0001174679    -0.0108376005
    92.4675437707     0.0001169364    -0.0108130603
    92.6769832809     0.0001164086    -0.0107886310
    92.8864227911     0.0001158843    -0.0107643118
    93.0958623014     0.0001153636    -0.0107401019
    93.3053018116     0.0001148463    -0.0107160007
    93.5147413219     0.0001143325    -0.0106920074
    93.7241808321     0.0001138222    -0.0106681213
    93.9336203423     0.0001133153    -0.0106443417
    94.1430598526     0.0001128117    -0.0106206678
    94.3524993628     0.0001123116    -0.0105970990
    94.5619388731     0.0001118147    -0.0105736346
    94.7713783833     0.0001113211    -0.0105502738
    94.9808178935     0.0001108308    -0.0105270160
    95.1902574038     0.0001103437    -0.0105038605
    95.3996969140     0.0001098598    -0.0104808066
    95.6091364242     0.0001093791    -0.0104578537
    95.8185759345     0.0001089015    -0.0104350011
    96.0280154447     0.0001084271    -0.0104122481
    96.2374549550     0.0001079557    -0.0103895942
    96.4468944652     0.0001074874    -0.0103670385
    96.6563339754     0.0001070222    -0.0103445806
    96.8657734857     0.0001065600    -0.0103222198
    97.0752129959     0.0001061007    -0.0102999554
    97.2846525062     0.0001056444    -0.0102777869
    97.4940920164     0.0001051911    -0.0102557135
    97.7035315266     0.0001047407    -0.0102337348
    97.9129710369     0.0001042931    -0.0102118500
    98.1224105471     0.0001038484    -0.0101900586
    98.3318500574     0.0001034066    -0.0101683601
    98.5412895676     0.0001029676    -0.0101467537
    98.7507290778     0.0001025313    -0.0101252389
    98.9601685881     0.0001020979    -0.0101038152
    99.1696080983     0.0001016671    -0.0100824819
    99.3790476086     0.0001012391    -0.0100612386
    99.5884871188     0.0001008138    -0.0100400845
    99.7979266290     0.0001003912    -0.0100190192
   100.0073661393     0.0000999712    -0.0099980421
   100.2168056495     0.0000995538    -0.0099771526
   100.4262451598     0.0000991391    -0.0099563503
   100.6356846700     0.0000987269    -0.0099356344
   100.8451241802     0.0000983173    -0.0099150047
   101.0545636905     0.0000979103    -0.0098944603
   101.2640032007     0.0000975057    -0.0098740010
   101.4734427110     0.0000971037    -0.0098536261
   101.6828822212     0.0000967041    -0.0098333350
   101.8923217314     0.0000963071    -0.0098131274
   102.1017612417     0.0000959124    -0.0097930026
   102.3112007519     0.0000955202    -0.0097729602
   102.5206402621     0.0000951304    -0.0097529997
   102.7300797724     0.0000947429    -0.0097331205
   102.9395192826     0.0000943578    -0.0097133222
   103.1489587929     0.0000939751    -0.0096936042
   103.3583983031     0.0000935947    -0.0096739661
   103.5678378133     0.0000932166    -0.0096544075
   103.7772773236     0.0000928407    -0.0096349277
   103.9867168338     0.0000924672    -0.0096155264
   104.1961563441     0.0000920959    -0.0095962031
   104.4055958543     0.0000917268    -0.0095769572
   104.6150353645     0.0000913600    -0.0095577884
   104.8244748748     0.0000909953    -0.0095386962
   105.0339143850     0.0000906328    -0.0095196801
   105.2433538953     0.0000902725    -0.0095007396
   105.4527934055     0.0000899143    -0.0094818744
   105.6622329157     0.0000895583    -0.0094630839
   105.8716724260     0.0000892043    -0.0094443678
   106.0811119362     0.0000888525    -0.0094257255
   106.2905514465     0.0000885027    -0.0094071566
   106.4999909567     0.0000881550    -0.0093886608
   106.7094304669     0.0000878093    -0.0093702376
   106.9188699772     0.0000874657    -0.0093518865
   107.1283094874     0.0000871241    -0.0093336071
   107.3377489977     0.0000867844    -0.0093153991
   107.5471885079     0.0000864468    -0.0092972619
   107.7566280181     0.0000861111    -0.0092791952
   107.9660675284     0.0000857774    -0.0092611986
   108.1755070386     0.0000854456    -0.0092432717
   108.3849465488     0.0000851158    -0.0092254140
   108.5943860591     0.0000847878    -0.0092076252
   108.8038255693     0.0000844617    -0.0091899049
   109.0132650796     0.0000841375    -0.0091722526
   109.2227045898     0.0000838152    -0.0091546680
   109.4321441000     0.0000834947    -0.0091371506
   109.6415836103     0.0000831761    -0.0091197002
   109.8510231205     0.0000828593    -0.0091023163
   110.0604626308     0.0000825442    -0.0090849986
   110.2699021410     0.0000822310    -0.0090677466
   110.4793416512     0.0000819196    -0.0090505600
   110.6887811615     0.0000816099    -0.0090334384
   110.8982206717     0.0000813020    -0.0090163815
   111.1076601820     0.0000809958    -0.0089993889
   111.3170996922     0.0000806913    -0.0089824601
   111.5265392024     0.0000803886    -0.0089655950
   111.7359787127     0.0000800875    -0.0089487930
   111.9454182229     0.0000797882    -0.0089320539
   112.1548577332     0.0000794905    -0.0089153773
   112.3642972434     0.0000791945    -0.0088987629
   112.5737367536     0.0000789001    -0.0088822103
   112.7831762639     0.0000786074    -0.0088657191
   112.9926157741     0.0000783163    -0.0088492890
   113.2020552844     0.0000780268    -0.0088329197
   113.4114947946     0.0000777389    -0.0088166109
   113.6209343048     0.0000774526    -0.0088003621
   113.8303738151     0.0000771679    -0.0087841732
   114.0398133253     0.0000768847    -0.0087680437
   114.2492528355     0.0000766031    -0.0087519733
   114.4586923458     0.0000763230    -0.0087359617
   114.6681318560     0.0000760445    -0.0087200085
   114.8775713663     0.0000757675    -0.0087041136
   115.0870108765     0.0000754920    -0.0086882764
   115.2964503867     0.0000752181    -0.0086724968
   115.5058898970     0.0000749456    -0.0086567744
   115.7153294072     0.0000746745    -0.0086411089
   115.9247689175     0.0000744050    -0.0086255000
   116.1342084277     0.0000741369    -0.0086099473
   116.3436479379     0.0000738702    -0.0085944507
   116.5530874482     0.0000736050    -0.0085790097
   116.7625269584     0.0000733412    -0.0085636241
   116.9719664687     0.0000730788    -0.0085482936
   117.1814059789     0.0000728179    -0.0085330179
   117.3908454891     0.0000725583    -0.0085177966
   117.6002849994     0.0000723001    -0.0085026296
   117.8097245096     0.0000720433    -0.0084875165
   118.0191640199     0.0000717879    -0.0084724570
   118.2286035301     0.0000715338    -0.0084574508
   118.4380430403     0.0000712810    -0.0084424977
   118.6474825506     0.0000710296    -0.0084275974
   118.8569220608     0.0000707795    -0.0084127496
   119.0663615711     0.0000705308    -0.0083979540
   119.2758010813     0.0000702833    -0.0083832103
   119.4852405915     0.0000700372    -0.0083685183
   119.6946801018     0.0000697923    -0.0083538778
   119.9041196120     0.0000695487    -0.0083392883
   120.1135591222     0.0000693064    -0.0083247497
   120.3229986325     0.0000690654    -0.0083102618
   120.5324381427     0.0000688256    -0.0082958241
   120.7418776530     0.0000685871    -0.0082814366
   120.9513171632     0.0000683498    -0.0082670988
   121.1607566734     0.0000681137    -0.0082528106
   121.3701961837     0.0000678788    -0.0082385717
   121.5796356939     0.0000676452    -0.0082243819
   121.7890752042     0.0000674128    -0.0082102408
   121.9985147144     0.0000671815    -0.0081961483
   122.2079542246     0.0000669515    -0.0081821041
   122.4173937349     0.0000667226    -0.0081681079
   122.6268332451     0.0000664949    -0.0081541595
   122.8362727554     0.0000662684    -0.0081402587
   123.0457122656     0.0000660430    -0.0081264051
   123.2551517758     0.0000658187    -0.0081125987
   123.4645912861     0.0000655956    -0.0080988391
   123.6740307963     0.0000653737    -0.0080851260
   123.8834703066     0.0000651528    -0.0080714594
   124.0929098168     0.0000649331    -0.0080578388
   124.3023493270     0.0000647145    -0.0080442641
   124.5117888373     0.0000644970    -0.0080307351
   124.7212283475     0.0000642806    -0.0080172516
   124.9306678578     0.0000640653    -0.0080038132
   125.1401073680     0.0000638510    -0.0079904198
   125.3495468782     0.0000636379    -0.0079770711
   125.5589863885     0.0000634257    -0.0079637670
   125.7684258987     0.0000632147    -0.0079505071
   125.9778654090     0.0000630047    -0.0079372913
   126.1873049192     0.0000627957    -0.0079241194
   126.3967444294     0.0000625878    -0.0079109912
   126.6061839397     0.0000623809    -0.0078979063
   126.8156234499     0.0000621751    -0.0078848647
   127.0250629601     0.0000619702    -0.0078718661
   127.2345024704     0.0000617664    -0.0078589102
   127.4439419806     0.0000615636    -0.0078459970
   127.6533814909     0.0000613618    -0.0078331260
   127.8628210011     0.0000611609    -0.0078202973
   128.0722605113     0.0000609611    -0.0078075105
   128.2817000216     0.0000607622    -0.0077947654
   128.4911395318     0.0000605643    -0.0077820619
   128.7005790421     0.0000603673    -0.0077693997
   128.9100185523     0.0000601714    -0.0077567787
   129.1194580625     0.0000599763    -0.0077441986
   129.3288975728     0.0000597822    -0.0077316592
   129.5383370830     0.0000595891    -0.0077191603
   129.7477765933     0.0000593969    -0.0077067018
   129.9572161035     0.0000592056    -0.0076942835
   130.1666556137     0.0000590153    -0.0076819051
   130.3760951240     0.0000588258    -0.0076695665
   130.5855346342     0.0000586373    -0.0076572674
   130.7949741445     0.0000584497    -0.0076450077
   131.0044136547     0.0000582630    -0.0076327872
   131.2138531649     0.0000580771    -0.0076206057
   131.4232926752     0.0000578922    -0.0076084631
   131.6327321854     0.0000577081    -0.0075963590
   131.8421716957     0.0000575249    -0.0075842934
   132.0516112059     0.0000573426    -0.0075722661
   132.2610507161     0.0000571612    -0.0075602769
   132.4704902264     0.0000569806    -0.0075483255
   132.6799297366     0.0000568008    -0.0075364119
   132.8893692468     0.0000566220    -0.0075245358
   133.0988087571     0.0000564439    -0.0075126971
   133.3082482673     0.0000562667    -0.0075008956
   133.5176877776     0.0000560903    -0.0074891311
   133.7271272878     0.0000559148    -0.0074774035
   133.9365667980     0.0000557401    -0.0074657125
   134.1460063083     0.0000555662    -0.0074540580
   134.3554458185     0.0000553931    -0.0074424398
   134.5648853288     0.0000552208    -0.0074308578
   134.7743248390     0.0000550493    -0.0074193118
   134.9837643492     0.0000548786    -0.0074078016
   135.1932038595     0.0000547087    -0.0073963271
   135.4026433697     0.0000545396    -0.0073848881
   135.6120828800     0.0000543713    -0.0073734843
   135.8215223902     0.0000542038    -0.0073621158
   136.0309619004     0.0000540370    -0.0073507822
   136.2404014107     0.0000538710    -0.0073394835
   136.4498409209     0.0000537058    -0.0073282195
   136.6592804312     0.0000535413    -0.0073169900
   136.8687199414     0.0000533776    -0.0073057948
   137.0781594516     0.0000532146    -0.0072946339
   137.2875989619     0.0000530524    -0.0072835069
   137.4970384721     0.0000528909    -0.0072724139
   137.7064779824     0.0000527301    -0.0072613546
   137.9159174926     0.0000525701    -0.0072503290
   138.1253570028     0.0000524108    -0.0072393367
   138.3347965131     0.0000522523    -0.0072283777
   138.5442360233     0.0000520944    -0.0072174518
   138.7536755335     0.0000519373    -0.0072065590
   138.9631150438     0.0000517809    -0.0071956989
   139.1725545540     0.0000516251    -0.0071848715
   139.3819940643     0.0000514701    -0.0071740767
   139.5914335745     0.0000513158    -0.0071633142
   139.8008730847     0.0000511622    -0.0071525840
   140.0103125950     0.0000510092    -0.0071418859
   140.2197521052     0.0000508570    -0.0071312197
   140.4291916155     0.0000507054    -0.0071205854
   140.6386311257     0.0000505545    -0.0071099827
   140.8480706359     0.0000504043    -0.0070994115
   141.0575101462     0.0000502547    -0.0070888717
   141.2669496564     0.0000501058    -0.0070783632
   141.4763891667     0.0000499576    -0.0070678858
   141.6858286769     0.0000498100    -0.0070574393
   141.8952681871     0.0000496631    -0.0070470237
   142.1047076974     0.0000495168    -0.0070366388
   142.3141472076     0.0000493712    -0.0070262844
   142.5235867179     0.0000492262    -0.0070159605
   142.7330262281     0.0000490819    -0.0070056669
   142.9424657383     0.0000489381    -0.0069954034
   143.1519052486     0.0000487951    -0.0069851699
   143.3613447588     0.0000486526    -0.0069749664
   143.5707842691     0.0000485108    -0.0069647926
   143.7802237793     0.0000483696    -0.0069546484
   143.9896632895     0.0000482290    -0.0069445337
   144.1991027998     0.0000480890    -0.0069344484
   144.4085423100     0.0000479496    -0.0069243924
   144.6179818203     0.0000478108    -0.0069143655
   144.8274213305     0.0000476726    -0.0069043676
   145.0368608407     0.0000475351    -0.0068943985
   145.2463003510     0.0000473981    -0.0068844582
   145.4557398612     0.0000472617    -0.0068745466
   145.6651793714     0.0000471259    -0.0068646634
   145.8746188817     0.0000469907    -0.0068548086
   146.0840583919     0.0000468560    -0.0068449820
   146.2934979022     0.0000467220    -0.0068351836
   146.5029374124     0.0000465885    -0.0068254132
   146.7123769226     0.0000464556    -0.0068156706
   146.9218164329     0.0000463233    -0.0068059559
   147.1312559431     0.0000461915    -0.0067962688
   147.3406954534     0.0000460603    -0.0067866092
   147.5501349636     0.0000459296    -0.0067769771
   147.7595744738     0.0000457995    -0.0067673722
   147.9690139841     0.0000456699    -0.0067577946
   148.1784534943     0.0000455409    -0.0067482440
   148.3878930046     0.0000454125    -0.0067387204
   148.5973325148     0.0000452846    -0.0067292236
   148.8067720250     0.0000451572    -0.0067197535
   149.0162115353     0.0000450304    -0.0067103100
   149.2256510455     0.0000449041    -0.0067008931
   149.4350905558     0.0000447783    -0.0066915026
   149.6445300660     0.0000446530    -0.0066821383
   149.8539695762     0.0000445283    -0.0066728002
   150.0634090865     0.0000444041    -0.0066634881
   150.2728485967     0.0000442804    -0.0066542021
   150.4822881070     0.0000441573    -0.0066449418
   150.6917276172     0.0000440346    -0.0066357073
   150.9011671274     0.0000439125    -0.0066264984
   151.1106066377     0.0000437908    -0.0066173151
   151.3200461479     0.0000436697    -0.0066081571
   151.5294856581     0.0000435491    -0.0065990245
   151.7389251684     0.0000434290    -0.0065899171
   151.9483646786     0.0000433093    -0.0065808348
   152.1578041889     0.0000431902    -0.0065717775
   152.3672436991     0.0000430715    -0.0065627451
   152.5766832093     0.0000429534    -0.0065537374
   152.7861227196     0.0000428357    -0.0065447545
   152.9955622298     0.0000427185    -0.0065357961
   153.2050017401     0.0000426018    -0.0065268623
   153.4144412503     0.0000424856    -0.0065179528
   153.6238807605     0.0000423698    -0.0065090676
   153.8333202708     0.0000422545    -0.0065002067
   154.0427597810     0.0000421397    -0.0064913698
   154.2521992913     0.0000420254    -0.0064825569
   154.4616388015     0.0000419115    -0.0064737679
   154.6710783117     0.0000417981    -0.0064650026
   154.8805178220     0.0000416851    -0.0064562611
   155.0899573322     0.0000415726    -0.0064475432
   155.2993968425     0.0000414606    -0.0064388489
   155.5088363527     0.0000413490    -0.0064301779
   155.7182758629     0.0000412378    -0.0064215302
   155.9277153732     0.0000411271    -0.0064129058
   156.1371548834     0.0000410169    -0.0064043045
   156.3465943937     0.0000409070    -0.0063957263
   156.5560339039     0.0000407977    -0.0063871710
   156.7654734141     0.0000406887    -0.0063786385
   156.9749129244     0.0000405802    -0.0063701288
   157.1843524346     0.0000404722    -0.0063616418
   157.3937919448     0.0000403645    -0.0063531774
   157.6032314551     0.0000402573    -0.0063447355
   157.8126709653     0.0000401506    -0.0063363159
   158.0221104756     0.0000400442    -0.0063279187
   158.2315499858     0.0000399383    -0.0063195438
   158.4409894960     0.0000398328    -0.0063111909
   158.6504290063     0.0000397277    -0.0063028601
   158.8598685165     0.0000396230    -0.0062945513
   159.0693080268     0.0000395187    -0.0062862643
   159.2787475370     0.0000394149    -0.0062779992
   159.4881870472     0.0000393114    -0.0062697557
   159.6976265575     0.0000392084    -0.0062615339
   159.9070660677     0.0000391058    -0.0062533335
   160.1165055780     0.0000390035    -0.0062451547
   160.3259450882     0.0000389017    -0.0062369972
   160.5353845984     0.0000388003    -0.0062288610
   160.7448241087     0.0000386992    -0.0062207460
   160.9542636189     0.0000385986    -0.0062126521
   161.1637031292     0.0000384983    -0.0062045792
   161.3731426394     0.0000383985    -0.0061965273
   161.5825821496     0.0000382990    -0.0061884963
   161.7920216599     0.0000381999    -0.0061804860
   162.0014611701     0.0000381012    -0.0061724965
   162.2109006804     0.0000380029    -0.0061645276
   162.4203401906     0.0000379050    -0.0061565792
   162.6297797008     0.0000378074    -0.0061486513
   162.8392192111     0.0000377102    -0.0061407438
   163.0486587213     0.0000376134    -0.0061328566
   163.2580982315     0.0000375170    -0.0061249896
   163.4675377418     0.0000374209    -0.0061171428
   163.6769772520     0.0000373252    -0.0061093161
   163.8864167623     0.0000372299    -0.0061015094
   164.0958562725     0.0000371349    -0.0060937226
   164.3052957827     0.0000370403    -0.0060859557
   164.5147352930     0.0000369460    -0.0060782085
   164.7241748032     0.0000368521    -0.0060704810
   164.9336143135     0.0000367586    -0.0060627731
   165.1430538237     0.0000366654    -0.0060550848
   165.3524933339     0.0000365726    -0.0060474160
   165.5619328442     0.0000364802    -0.0060397666
   165.7713723544     0.0000363880    -0.0060321365
   165.9808118647     0.0000362963    -0.0060245256
   166.1902513749     0.0000362048    -0.0060169339
   166.3996908851     0.0000361138    -0.0060093614
   166.6091303954     0.0000360230    -0.0060018079
   166.8185699056     0.0000359326    -0.0059942733
   167.0280094159     0.0000358426    -0.0059867576
   167.2374489261     0.0000357529    -0.0059792608
   167.4468884363     0.0000356635    -0.0059717827
   167.6563279466     0.0000355745    -0.0059643233
   167.8657674568     0.0000354858    -0.0059568824
   168.0752069671     0.0000353974    -0.0059494602
   168.2846464773     0.0000353093    -0.0059420564
   168.4940859875     0.0000352216    -0.0059346710
   168.7035254978     0.0000351342    -0.0059273039
   168.9129650080     0.0000350471    -0.0059199552
   169.1224045183     0.0000349604    -0.0059126246
   169.3318440285     0.0000348740    -0.0059053121
   169.5412835387     0.0000347879    -0.0058980177
   169.7507230490     0.0000347021    -0.0058907413
   169.9601625592     0.0000346166    -0.0058834829
   170.1696020694     0.0000345315    -0.0058762423
   170.3790415797     0.0000344466    -0.0058690195
   170.5884810899     0.0000343621    -0.0058618144
   170.7979206002     0.0000342779    -0.0058546270
   171.0073601104     0.0000341940    -0.0058474572
   171.2167996206     0.0000341104    -0.0058403050
   171.4262391309     0.0000340271    -0.0058331702
   171.6356786411     0.0000339441    -0.0058260528
   171.8451181514     0.0000338614    -0.0058189528
   172.0545576616     0.0000337790    -0.0058118700
   172.2639971718     0.0000336969    -0.0058048045
   172.4734366821     0.0000336151    -0.0057977562
   172.6828761923     0.0000335337    -0.0057907249
   172.8923157026     0.0000334525    -0.0057837106
   173.1017552128     0.0000333716    -0.0057767134
   173.3111947230     0.0000332910    -0.0057697330
   173.5206342333     0.0000332107    -0.0057627695
   173.7300737435     0.0000331306    -0.0057558228
   173.9395132538     0.0000330509    -0.0057488928
   174.1489527640     0.0000329715    -0.0057419795
   174.3583922742     0.0000328923    -0.0057350828
   174.5678317845     0.0000328134    -0.0057282026
   174.7772712947     0.0000327348    -0.0057213389
   174.9867108050     0.0000326565    -0.0057144917
   175.1961503152     0.0000325785    -0.0057076608
   175.4055898254     0.0000325007    -0.0057008462
   175.6150293357     0.0000324233    -0.0056940479
   175.8244688459     0.0000323461    -0.0056872657
   176.0339083561     0.0000322692    -0.0056804998
   176.2433478664     0.0000321925    -0.0056737498
   176.4527873766     0.0000321161    -0.0056670159
   176.6622268869     0.0000320400    -0.0056602980
   176.8716663971     0.0000319642    -0.0056535960
   177.0811059073     0.0000318886    -0.0056469098
   177.2905454176     0.0000318133    -0.0056402395
   177.4999849278     0.0000317383    -0.0056335848
   177.7094244381     0.0000316636    -0.0056269459
   177.9188639483     0.0000315891    -0.0056203226
   178.1283034585     0.0000315148    -0.0056137148
   178.3377429688     0.0000314408    -0.0056071226
   178.5471824790     0.0000313671    -0.0056005458
   178.7566219893     0.0000312937    -0.0055939845
   178.9660614995     0.0000312205    -0.0055874385
   179.1755010097     0.0000311475    -0.0055809078
   179.3849405200     0.0000310748    -0.0055743923
   179.5943800302     0.0000310024    -0.0055678921
   179.8038195405     0.0000309302    -0.0055614069
   180.0132590507     0.0000308583    -0.0055549369
   180.2226985609     0.0000307866    -0.0055484819
   180.4321380712     0.0000307152    -0.0055420419
   180.6415775814     0.0000306440    -0.0055356168
   180.8510170917     0.0000305731    -0.0055292066
   181.0604566019     0.0000305024    -0.0055228113
   181.2698961121     0.0000304320    -0.0055164307
   181.4793356224     0.0000303618    -0.0055100648
   181.6887751326     0.0000302918    -0.0055037136
   181.8982146428     0.0000302221    -0.0054973771
   182.1076541531     0.0000301526    -0.0054910551
   182.3170936633     0.0000300834    -0.0054847476
   182.5265331736     0.0000300144    -0.0054784546
   182.7359726838     0.0000299456    -0.0054721760
   182.9454121940     0.0000298771    -0.0054659118
   183.1548517043     0.0000298088    -0.0054596620
   183.3642912145     0.0000297408    -0.0054534264
   183.5737307248     0.0000296730    -0.0054472050
   183.7831702350     0.0000296054    -0.0054409978
   183.9926097452     0.0000295380    -0.0054348048
   184.2020492555     0.0000294709    -0.0054286258
   184.4114887657     0.0000294040    -0.0054224608
   184.6209282760     0.0000293373    -0.0054163099
   184.8303677862     0.0000292709    -0.0054101728
   185.0398072964     0.0000292046    -0.0054040497
   185.2492468067     0.0000291386    -0.0053979404
   185.4586863169     0.0000290729    -0.0053918449
   185.6681258272     0.0000290073    -0.0053857632
   185.8775653374     0.0000289420    -0.0053796952
   186.0870048476     0.0000288769    -0.0053736408
   186.2964443579     0.0000288120    -0.0053676000
   186.5058838681     0.0000287473    -0.0053615728
   186.7153233784     0.0000286829    -0.0053555591
   186.9247628886     0.0000286186    -0.0053495589
   187.1342023988     0.0000285546    -0.0053435721
   187.3436419091     0.0000284908    -0.0053375988
   187.5530814193     0.0000284272    -0.0053316387
   187.7625209295     0.0000283638    -0.0053256919
   187.9719604398     0.0000283007    -0.0053197584
   188.1813999500     0.0000282377    -0.0053138381
   188.3908394603     0.0000281750    -0.0053079310
   188.6002789705     0.0000281124    -0.0053020370
   188.8097184807     0.0000280501    -0.0052961560
   189.0191579910     0.0000279880    -0.0052902881
   189.2285975012     0.0000279260    -0.0052844332
   189.4380370115     0.0000278643    -0.0052785912
   189.6474765217     0.0000278028    -0.0052727621
   189.8569160319     0.0000277415    -0.0052669459
   190.0663555422     0.0000276804    -0.0052611425
   190.2757950524     0.0000276195    -0.0052553519
   190.4852345627     0.0000275588    -0.0052495740
   190.6946740729     0.0000274983    -0.0052438088
   190.9041135831     0.0000274380    -0.0052380562
   191.1135530934     0.0000273779    -0.0052323162
   191.3229926036     0.0000273180    -0.0052265889
   191.5324321139     0.0000272583    -0.0052208740
   191.7418716241     0.0000271988    -0.0052151716
   191.9513111343     0.0000271395    -0.0052094817
   192.1607506446     0.0000270803    -0.0052038042
   192.3701901548     0.0000270214    -0.0051981390
   192.5796296651     0.0000269627    -0.0051924861
   192.7890691753     0.0000269041    -0.0051868456
   192.9985086855     0.0000268458    -0.0051812172
   193.2079481958     0.0000267876    -0.0051756011
   193.4173877060     0.0000267296    -0.0051699971
   193.6268272163     0.0000266718    -0.0051644053
   193.8362667265     0.0000266142    -0.0051588255
   194.0457062367     0.0000265568    -0.0051532578
   194.2551457470     0.0000264996    -0.0051477021
   194.4645852572     0.0000264425    -0.0051421584
   194.6740247674     0.0000263857    -0.0051366265
   194.8834642777     0.0000263290    -0.0051311066
   195.0929037879     0.0000262725    -0.0051255985
   195.3023432982     0.0000262162    -0.0051201023
   195.5117828084     0.0000261600    -0.0051146178
   195.7212223186     0.0000261041    -0.0051091450
   195.9306618289     0.0000260483    -0.0051036839
   196.1401013391     0.0000259927    -0.0050982346
   196.3495408494     0.0000259373    -0.0050927968
   196.5589803596     0.0000258820    -0.0050873706
   196.7684198698     0.0000258270    -0.0050819560
   196.9778593801     0.0000257721    -0.0050765528
   197.1872988903     0.0000257174    -0.0050711612
   197.3967384006     0.0000256628    -0.0050657810
   197.6061779108     0.0000256084    -0.0050604122
   197.8156174210     0.0000255543    -0.0050550548
   198.0250569313     0.0000255002    -0.0050497087
   198.2344964415     0.0000254464    -0.0050443738
   198.4439359518     0.0000253927    -0.0050390503
   198.6533754620     0.0000253392    -0.0050337380
   198.8628149722     0.0000252858    -0.0050284368
   199.0722544825     0.0000252327    -0.0050231469
   199.2816939927     0.0000251797    -0.0050178680
   199.4911335030     0.0000251268    -0.0050126002
   199.7005730132     0.0000250741    -0.0050073435
   199.9100125234     0.0000250216    -0.0050020978
   200.1194520337     0.0000249693    -0.0049968630
   200.3288915439     0.0000249171    -0.0049916392
   200.5383310541     0.0000248651    -0.0049864264
   200.7477705644     0.0000248132    -0.0049812244
   200.9572100746     0.0000247615    -0.0049760332
   201.1666495849     0.0000247100    -0.0049708528
   201.3760890951     0.0000246586    -0.0049656832
   201.5855286053     0.0000246074    -0.0049605244
   201.7949681156     0.0000245564    -0.0049553763
   202.0044076258     0.0000245055    -0.0049502388
   202.2138471361     0.0000244548    -0.0049451120
   202.4232866463     0.0000244042    -0.0049399958
   202.6327261565     0.0000243538    -0.0049348901
   202.8421656668     0.0000243035    -0.0049297951
   203.0516051770     0.0000242534    -0.0049247105
   203.2610446873     0.0000242034    -0.0049196364
   203.4704841975     0.0000241536    -0.0049145727
   203.6799237077     0.0000241040    -0.0049095195
   203.8893632180     0.0000240545    -0.0049044766
   204.0988027282     0.0000240051    -0.0048994441
   204.3082422385     0.0000239560    -0.0048944219
   204.5176817487     0.0000239069    -0.0048894100
   204.7271212589     0.0000238580    -0.0048844083
   204.9365607692     0.0000238093    -0.0048794169
   205.1460002794     0.0000237607    -0.0048744356
   205.3554397897     0.0000237123    -0.0048694645
   205.5648792999     0.0000236640    -0.0048645036
   205.7743188101     0.0000236158    -0.0048595527
   205.9837583204     0.0000235678    -0.0048546119
   206.1931978306     0.0000235200    -0.0048496811
   206.4026373408     0.0000234723    -0.0048447604
   206.6120768511     0.0000234247    -0.0048398496
   206.8215163613     0.0000233773    -0.0048349488
   207.0309558716     0.0000233300    -0.0048300579
   207.2403953818     0.0000232829    -0.0048251768
   207.4498348920     0.0000232359    -0.0048203056
   207.6592744023     0.0000231891    -0.0048154443
   207.8687139125     0.0000231424    -0.0048105927
   208.0781534228     0.0000230958    -0.0048057509
   208.2875929330     0.0000230494    -0.0048009189
   208.4970324432     0.0000230031    -0.0047960965
   208.7064719535     0.0000229569    -0.0047912839
   208.9159114637     0.0000229109    -0.0047864808
   209.1253509740     0.0000228651    -0.0047816874
   209.3347904842     0.0000228193    -0.0047769036
   209.5442299944     0.0000227738    -0.0047721294
   209.7536695047     0.0000227283    -0.0047673647
   209.9631090149     0.0000226830    -0.0047626094
   210.1725485252     0.0000226378    -0.0047578637
   210.3819880354     0.0000225927    -0.0047531274
   210.5914275456     0.0000225478    -0.0047484006
   210.8008670559     0.0000225031    -0.0047436831
   211.0103065661     0.0000224584    -0.0047389750
   211.2197460764     0.0000224139    -0.0047342762
   211.4291855866     0.0000223695    -0.0047295867
   211.6386250968     0.0000223253    -0.0047249065
   211.8480646071     0.0000222811    -0.0047202356
   212.0575041173     0.0000222371    -0.0047155739
   212.2669436276     0.0000221933    -0.0047109214
   212.4763831378     0.0000221496    -0.0047062780
   212.6858226480     0.0000221060    -0.0047016439
   212.8952621583     0.0000220625    -0.0046970188
   213.1047016685     0.0000220191    -0.0046924028
   213.3141411787     0.0000219759    -0.0046877959
   213.5235806890     0.0000219328    -0.0046831980
   213.7330201992     0.0000218899    -0.0046786091
   213.9424597095     0.0000218470    -0.0046740292
   214.1518992197     0.0000218043    -0.0046694583
   214.3613387299     0.0000217617    -0.0046648963
   214.5707782402     0.0000217193    -0.0046603432
