  0.10471975511965977                (-0.13635145207903701,-0.65077863052814722)
  0.31415926535897931            (2.99359935633512382E-002,-0.65620087027483476)
  0.52359877559829882            (1.48224756495352432E-002,-0.63086651869171761)
  0.73303828583761832            (7.97492694971838230E-003,-0.59822095143788978)
  0.94247779607693793            (5.75445078202301355E-003,-0.56209216687504482)
   1.1519173063162573            (4.69505579362439543E-003,-0.52538124542748788)
   1.3613568165555769            (3.90948841500307447E-003,-0.48992997543260319)
   1.5707963267948966            (3.24105651856559322E-003,-0.45669777731472533)
   1.7802358370342160            (2.67460798735354036E-003,-0.42608580432609489)
   1.9896753472735356            (2.20645877128836662E-003,-0.39817266402801632)
   2.1991148575128552            (1.82656220744170064E-003,-0.37286153076421474)
   2.4085543677521746            (1.52114187241278931E-003,-0.34996865838006891)
   2.6179938779914940            (1.27622925900162379E-003,-0.32927526225987941)
   2.8274333882308138            (1.07946595630566177E-003,-0.31055678395602199)
   3.0368728984701332            (9.20645234784652866E-004,-0.29359842488761795)
   3.2463124087094526            (7.91637220102817791E-004,-0.27820254901586688)
   3.4557519189487724            (6.86085936408731712E-004,-0.26419142410670982)
   3.6651914291880918            (5.99064397050312180E-004,-0.25140740561082636)
   3.8746309394274112            (5.26762564160212100E-004,-0.23971180991089294)
   4.0840704496667311            (4.66230188689819506E-004,-0.22898319696400571)
   4.2935099599060500            (4.15174371883761449E-004,-0.21911546501706242)
   4.5029494701453698            (3.71803953687286943E-004,-0.21001597234270289)
   4.7123889803846897            (3.34711323555374998E-004,-0.20160379201056122)
   4.9218284906240086            (3.02783112189710095E-004,-0.19380814397100357)
   5.1312680008633285            (2.75132766781178192E-004,-0.18656701488234312)
   5.3407075111026483            (2.51049556664609361E-004,-0.17982595851953811)
   5.5501470213419672            (2.29959870374428412E-004,-0.17353706131780075)
   5.7595865315812871            (2.11397706097511510E-004,-0.16765805452265509)
   5.9690260418206069            (1.94982052446359197E-004,-0.16215155413612517)
   6.1784655520599259            (1.80399451512572399E-004,-0.15698441097857946)
   6.3879050622992457            (1.67390476920422840E-004,-0.15212715493959125)
   6.5973445725385655            (1.55739184469967873E-004,-0.14755351943437123)
   6.8067840827778845            (1.45264832085092137E-004,-0.14324003398577068)
   7.0162235930172043            (1.35815341957618268E-004,-0.13916567460459031)
   7.2256631032565242            (1.27262107904199819E-004,-0.13531156319828225)
   7.4351026134958431            (1.19495847396140298E-004,-0.13166070859162335)
   7.6445421237351630            (1.12423269513316887E-004,-0.12819778290265105)
   7.8539816339744828            (1.05964383758713437E-004,-0.12490892800149178)
   8.0634211442138017            (1.00050315017262892E-004,-0.12178158761027782)
   8.2728606544531207            (9.46215204238290593E-005,-0.11880436130036408)
   8.4823001646924414            (8.96263270529190203E-005,-0.11596687722842330)
   8.6917396749317604            (8.50197270123662226E-005,-0.11325968094335699)
   8.9011791851710793            (8.07623800862013061E-005,-0.11067413800659548)
   9.1106186954104000            (7.68197845321540147E-005,-0.10820234851237862)
   9.3200582056497190            (7.31615847523502057E-005,-0.10583707188308551)
   9.5294977158890379            (6.97609908761696450E-005,-0.10357166055681744)
   9.7389372261283587            (6.65942902454377979E-005,-0.10140000138804157)
   9.9483767363676776       (6.36404346875667378E-005,-9.93164637535294964E-002)
   10.157816246606997       (6.08806905419277162E-005,-9.73158535004679665E-002)
   10.367255756846317       (5.82983408513915145E-005,-9.53933719958726389E-002)
   10.576695267085636       (5.58784310811593106E-005,-9.35445796399807239E-002)
   10.786134777324955       (5.36075512917800863E-005,-9.17653632941722308E-002)
   10.995574287564276       (5.14736489500340638E-005,-9.00519071487161371E-002)
   11.205013797803595       (4.94658675779867144E-005,-8.84006666193182661E-002)
   11.414453308042914       (4.75744072644735107E-005,-8.68083449158595227E-002)
   11.623892818282235       (4.57904037342982451E-005,-8.52718719732593750E-002)
   11.833332328521553       (4.41058232188687498E-005,-8.37883854743428774E-002)
   12.042771838760872       (4.25133708213554787E-005,-8.23552137288819236E-002)
   12.252211349000193       (4.10064104400204854E-005,-8.09698602025619579E-002)
   12.461650859239512       (3.95788946187008558E-005,-7.96299895151033749E-002)
   12.671090369478831       (3.82253029468509759E-005,-7.83334147488345955E-002)
   12.880529879718152       (3.69405878420098465E-005,-7.70780859281025577E-002)
   13.089969389957471       (3.57201267232531172E-005,-7.58620795464999415E-002)
   13.299408900196790       (3.45596797307489876E-005,-7.46835890333062552E-002)
   13.508848410436110       (3.34553522700119590E-005,-7.35409160630967895E-002)
   13.718287920675429       (3.24035617628268160E-005,-7.24324626234623681E-002)
   13.927727430914748       (3.14010080741358353E-005,-7.13567237653461445E-002)
   14.137166941154069       (3.04446471586173905E-005,-7.03122809689330497E-002)
   14.346606451393388       (2.95316675325315827E-005,-6.92977960653775593E-002)
   14.556045961632707       (2.86594692306186121E-005,-6.83120056611534882E-002)
   14.765485471872028       (2.78256449524709313E-005,-6.73537160175037147E-002)
   14.974924982111347       (2.70279631422705759E-005,-6.64217983425036407E-002)
   15.184364492350666       (2.62643527784618939E-005,-6.55151844576963710E-002)
   15.393804002589986       (2.55328896789069639E-005,-6.46328628051914128E-002)
   15.603243512829305       (2.48317841513607774E-005,-6.37738747645943821E-002)
   15.812683023068624       (2.41593698402394920E-005,-6.29373112522349509E-002)
   16.022122533307943       (2.35140936392527362E-005,-6.21223095779003254E-002)
   16.231562043547264       (2.28945065547840414E-005,-6.13280505367277198E-002)
   16.441001553786585       (2.22992554191333953E-005,-6.05537557160872805E-002)
   16.650441064025902       (2.17270753643150970E-005,-5.97986849992242150E-002)
   16.859880574265222       (2.11767829776581681E-005,-5.90621342491782497E-002)
   17.069320084504543       (2.06472700695346788E-005,-5.83434331580346688E-002)
   17.278759594743860       (2.01374979912754584E-005,-5.76419432479645943E-002)
   17.488199104983181       (1.96464924485376071E-005,-5.69570560117573649E-002)
   17.697638615222502       (1.91733387612436501E-005,-5.62881911816655173E-002)
   17.907078125461819       (1.87171775266772174E-005,-5.56347951163942631E-002)
   18.116517635701140       (1.82772006469163500E-005,-5.49963392969696832E-002)
   18.325957145940460       (1.78526476861319080E-005,-5.43723189230453791E-002)
   18.535396656179778       (1.74428025266177616E-005,-5.37622516019325911E-002)
   18.744836166419098       (1.70469902959735835E-005,-5.31656761233202102E-002)
   18.954275676658419       (1.66645745405063284E-005,-5.25821513132361529E-002)
   19.163715186897736       (1.62949546225653231E-005,-5.20112549613641201E-002)
   19.373154697137057       (1.59375633216899879E-005,-5.14525828163088020E-002)
   19.582594207376378       (1.55918646215390620E-005,-5.09057476438602094E-002)
   19.792033717615695       (1.52573516663257236E-005,-5.03703783437130723E-002)
   20.001473227855016       (1.49335448720358240E-005,-4.98461191204605525E-002)
   20.210912738094336       (1.46199901791423488E-005,-4.93326287050281018E-002)
   20.420352248333653       (1.43162574348741922E-005,-4.88295796230125562E-002)
   20.629791758572974       (1.40219388940768414E-005,-4.83366575066694198E-002)
   20.839231268812295       (1.37366478288918835E-005,-4.78535604475551907E-002)
   21.048670779051612       (1.34600172382291105E-005,-4.73799983870510297E-002)
   21.258110289290933       (1.31916986490248104E-005,-4.69156925422205481E-002)
   21.467549799530254       (1.29313610017258038E-005,-4.64603748646342726E-002)
   21.676989309769571       (1.26786896135147518E-005,-4.60137875299874780E-002)
   21.886428820008891       (1.24333852128551403E-005,-4.55756824564826912E-002)
   22.095868330248212       (1.21951630400853618E-005,-4.51458208501165081E-002)
   22.305307840487529       (1.19637520086964662E-005,-4.47239727751327643E-002)
   22.514747350726850       (1.17388939228026392E-005,-4.43099167480379696E-002)
   22.724186860966171       (1.15203427464646970E-005,-4.39034393536874221E-002)
   22.933626371205488       (1.13078639209894770E-005,-4.35043348820593825E-002)
   23.143065881444809       (1.11012337266324078E-005,-4.31124049844313351E-002)
   23.352505391684129       (1.09002386854442111E-005,-4.27274583477609618E-002)
   23.561944901923447       (1.07046750021942923E-005,-4.23493103861617010E-002)
   23.771384412162767       (1.05143480407107920E-005,-4.19777829484358003E-002)
   23.980823922402088       (1.03290718329975992E-005,-4.16127040407019977E-002)
   24.190263432641405       (1.01486686188564666E-005,-4.12539075632172084E-002)
   24.399702942880726       (9.97296841383792791E-006,-4.09012330605539112E-002)
   24.609142453120047       (9.80180860357810918E-006,-4.05545254843517125E-002)
   24.818581963359364       (9.63503356264549804E-006,-4.02136349679117142E-002)
   25.028021473598685       (9.47249429622492452E-006,-3.98784166119509897E-002)
   25.237460983838005       (9.31404810313981952E-006,-3.95487302808791644E-002)
   25.446900494077322       (9.15955825868179834E-006,-3.92244404090008950E-002)
   25.656340004316643       (9.00889371601499409E-006,-3.89054158160842475E-002)
   25.865779514555964       (8.86192882485727968E-006,-3.85915295317743462E-002)
   26.075219024795281       (8.71854306631170112E-006,-3.82826586283590634E-002)
   26.284658535034602       (8.57862080283585824E-006,-3.79786840614313934E-002)
   26.494098045273923       (8.44205104231314903E-006,-3.76794905180140999E-002)
   26.703537555513240       (8.30872721538030160E-006,-3.73849662717460479E-002)
   26.912977065752560       (8.17854696509966923E-006,-3.70950030447477555E-002)
   27.122416575991878       (8.05141194825054752E-006,-3.68094958758128227E-002)
   27.331856086231198       (7.92722764749631823E-006,-3.65283429945886667E-002)
   27.541295596470519       (7.80590319373860778E-006,-3.62514457014314131E-002)
   27.750735106709836       (7.68735119804735304E-006,-3.59787082526421900E-002)
   27.960174616949157       (7.57148759257035741E-006,-3.57100377508017403E-002)
   28.169614127188478       (7.45823147988295515E-006,-3.54453440399466607E-002)
   28.379053637427795       (7.34750499025302743E-006,-3.51845396053332773E-002)
   28.588493147667116       (7.23923314638833055E-006,-3.49275394775653766E-002)
   28.797932657906436       (7.13334373516423111E-006,-3.46742611408583090E-002)
   29.007372168145753       (7.02976718597599529E-006,-3.44246244452375977E-002)
   29.216811678385074       (6.92843645529539450E-006,-3.41785515224761818E-002)
   29.426251188624395       (6.82928691706344601E-006,-3.39359667055845263E-002)
   29.635690698863712       (6.73225625863658787E-006,-3.36967964516815960E-002)
   29.845130209103033       (6.63728438188787428E-006,-3.34609692680817583E-002)
   30.054569719342354       (6.54431330925410317E-006,-3.32284156414425422E-002)
   30.264009229581671       (6.45328709438180232E-006,-3.29990679698259487E-002)
   30.473448739820991       (6.36415173715419868E-006,-3.27728604975368182E-002)
   30.682888250060312       (6.27685510284718707E-006,-3.25497292526029797E-002)
   30.892327760299629       (6.19134684517139956E-006,-3.23296119867787432E-002)
   31.101767270538950       (6.10757833301448156E-006,-3.21124481179470359E-002)
   31.311206780778271       (6.02550258065698056E-006,-3.18981786748165144E-002)
   31.520646291017588       (5.94507418128245276E-006,-3.16867462438017167E-002)
   31.730085801256909       (5.86624924361775453E-006,-3.14780949179897518E-002)
   31.939525311496229       (5.78898533151890193E-006,-3.12721702480980093E-002)
   32.148964821735547       (5.71324140634328070E-006,-3.10689191953325665E-002)
   32.358404331974867       (5.63897777199395385E-006,-3.08682900860625560E-002)
   32.567843842214188       (5.56615602244464581E-006,-3.06702325682286885E-002)
   32.777283352453509       (5.49473899167542383E-006,-3.04746975694096082E-002)
   32.986722862692829       (5.42469070584193675E-006,-3.02816372564742031E-002)
   33.196162372932143       (5.35597633759754794E-006,-3.00910049967473420E-002)
   33.405601883171464       (5.28856216244758600E-006,-2.99027553206268719E-002)
   33.615041393410785       (5.22241551702422390E-006,-2.97168438855866662E-002)
   33.824480903650105       (5.15750475920974586E-006,-2.95332274415068506E-002)
   34.033920413889426       (5.09379922998281731E-006,-2.93518637972748422E-002)
   34.243359924128747       (5.03126921693822424E-006,-2.91727117886035128E-002)
   34.452799434368060       (4.96988591935829399E-006,-2.89957312470134239E-002)
   34.662238944607381       (4.90962141480261829E-006,-2.88208829699325084E-002)
   34.871678454846702       (4.85044862709976827E-006,-2.86481286918654245E-002)
   35.081117965086023       (4.79234129570921246E-006,-2.84774310565878534E-002)
   35.290557475325343       (4.73527394636386877E-006,-2.83087535903250621E-002)
   35.499996985564664       (4.67922186293825747E-006,-2.81420606758722540E-002)
   35.709436495803978       (4.62416106049673009E-006,-2.79773175276205217E-002)
   35.918876006043298       (4.57006825944088386E-006,-2.78144901674498256E-002)
   36.128315516282619       (4.51692086072442808E-006,-2.76535454014557279E-002)
   36.337755026521940       (4.46469692208205574E-006,-2.74944507974748641E-002)
   36.547194536761261       (4.41337513522259695E-006,-2.73371746633791976E-002)
   36.756634047000581       (4.36293480393568545E-006,-2.71816860261067800E-002)
   36.966073557239895       (4.31335582308481215E-006,-2.70279546114010338E-002)
   37.175513067479216       (4.26461865843917846E-006,-2.68759508242311755E-002)
   37.384952577718536       (4.21670432728303260E-006,-2.67256457298659170E-002)
   37.594392087957857       (4.16959437983069358E-006,-2.65770110355765463E-002)
   37.803831598197178       (4.12327088132818685E-006,-2.64300190729440908E-002)
   38.013271108436498       (4.07771639488041103E-006,-2.62846427807485079E-002)
   38.222710618675812       (4.03291396492881165E-006,-2.61408556884166650E-002)
   38.432150128915133       (3.98884710137420847E-006,-2.59986319000080936E-002)
   38.641589639154454       (3.94549976430481090E-006,-2.58579460787195098E-002)
   38.851029149393774       (3.90285634930651781E-006,-2.57187734318862354E-002)
   39.060468659633095       (3.86090167333078774E-006,-2.55810896964650293E-002)
   39.269908169872416       (3.81962096109354795E-006,-2.54448711249777373E-002)
   39.479347680111729       (3.77899983198984997E-006,-2.53100944719001422E-002)
   39.688787190351050       (3.73902428749156056E-006,-2.51767369804799628E-002)
   39.898226700590371       (3.69968069900537812E-006,-2.50447763699666072E-002)
   40.107666210829692       (3.66095579619834878E-006,-2.49141908232407040E-002)
   40.317105721069012       (3.62283665573382524E-006,-2.47849589748250880E-002)
   40.526545231308326       (3.58531069043192352E-006,-2.46570598992672252E-002)
   40.735984741547647       (3.54836563880847755E-006,-2.45304730998773361E-002)
   40.945424251786967       (3.51198955500534681E-006,-2.44051784978106812E-002)
   41.154863762026288       (3.47617079908132227E-006,-2.42811564214814278E-002)
   41.364303272265609       (3.44089802764419111E-006,-2.41583875962964392E-002)
   41.573742782504929       (3.40616018481307591E-006,-2.40368531346979823E-002)
   41.783182292744243       (3.37194649351766021E-006,-2.39165345265045584E-002)
   41.992621802983564       (3.33824644708765531E-006,-2.37974136295385635E-002)
   42.202061313222885       (3.30504980113952140E-006,-2.36794726605330449E-002)
   42.411500823462205       (3.27234656574906324E-006,-2.35626941863054523E-002)
   42.620940333701526       (3.24012699790160993E-006,-2.34470611151906434E-002)
   42.830379843940847       (3.20838159418699142E-006,-2.33325566887247621E-002)
   43.039819354180160       (3.17710108375988623E-006,-2.32191644735695694E-002)
   43.249258864419481       (3.14627642153633339E-006,-2.31068683536716918E-002)
   43.458698374658802       (3.11589878161670544E-006,-2.29956525226461227E-002)
   43.668137884898123       (3.08595955093485395E-006,-2.28855014763795772E-002)
   43.877577395137443       (3.05645032313152535E-006,-2.27764000058431407E-002)
   44.087016905376764       (3.02736289260968508E-006,-2.26683331901098538E-002)
   44.296456415616078       (2.99868924880767232E-006,-2.25612863895692864E-002)
   44.505895925855398       (2.97042157065840599E-006,-2.24552452393326739E-002)
   44.715335436094719       (2.94255222122520425E-006,-2.23501956428228156E-002)
   44.924774946334040       (2.91507374252263212E-006,-2.22461237655425421E-002)
   45.134214456573361       (2.88797885049815603E-006,-2.21430160290158745E-002)
   45.343653966812681       (2.86126043018648390E-006,-2.20408591048959837E-002)
   45.553093477051995       (2.83491153101075961E-006,-2.19396399092358953E-002)
   45.762532987291316       (2.80892536224463392E-006,-2.18393455969151211E-002)
   45.971972497530636       (2.78329528861493486E-006,-2.17399635562183779E-002)
   46.181412007769957       (2.75801482604714108E-006,-2.16414814035611261E-002)
   46.390851518009278       (2.73307763754305042E-006,-2.15438869783574002E-002)
   46.600291028248598       (2.70847752919475585E-006,-2.14471683380255546E-002)
   46.809730538487912       (2.68420844631659889E-006,-2.13513137531274495E-002)
   47.019170048727233       (2.66026446970642668E-006,-2.12563117026370631E-002)
   47.228609558966554       (2.63663981201974337E-006,-2.11621508693350183E-002)
   47.438049069205874       (2.61332881425345105E-006,-2.10688201353234246E-002)
   47.647488579445195       (2.59032594234774883E-006,-2.09763085776599467E-002)
   47.856928089684516       (2.56762578388163279E-006,-2.08846054641051507E-002)
   48.066367599923829       (2.54522304487760062E-006,-2.07937002489812228E-002)
   48.275807110163150       (2.52311254670470898E-006,-2.07035825691371418E-002)
   48.485246620402471       (2.50128922306697793E-006,-2.06142422400197763E-002)
   48.694686130641792       (2.47974811709393395E-006,-2.05256692518436153E-002)
   48.904125640881112       (2.45848437851263210E-006,-2.04378537658612865E-002)
   49.113565151120433       (2.43749326090293126E-006,-2.03507861107265139E-002)
   49.323004661359747       (2.41677011904343248E-006,-2.02644567789516290E-002)
   49.532444171599067       (2.39631040632540093E-006,-2.01788564234528026E-002)
   49.741883681838388       (2.37610967225344363E-006,-2.00939758541838487E-002)
   49.951323192077709       (2.35616356001125023E-006,-2.00098060348532399E-002)
   50.160762702317029       (2.33646780410602109E-006,-1.99263380797238578E-002)
   50.370202212556350       (2.31701822807798469E-006,-1.98435632504917261E-002)
   50.579641722795664       (2.29781074227693663E-006,-1.97614729532424073E-002)
   50.789081233034985       (2.27884134170681261E-006,-1.96800587354823003E-002)
   50.998520743274305       (2.26010610392388761E-006,-1.95993122832431102E-002)
   51.207960253513626       (2.24160118700766398E-006,-1.95192254182566180E-002)
   51.417399763752947       (2.22332282758038006E-006,-1.94397900951986773E-002)
   51.626839273992267       (2.20526733888531479E-006,-1.93609983990002468E-002)
   51.836278784231581       (2.18743110892406529E-006,-1.92828425422228236E-002)
   52.045718294470902       (2.16981059864177915E-006,-1.92053148624974392E-002)
   52.255157804710223       (2.15240234016213348E-006,-1.91284078200250514E-002)
   52.464597314949543       (2.13520293508100225E-006,-1.90521139951364861E-002)
   52.674036825188864       (2.11820905279539116E-006,-1.89764260859105471E-002)
   52.883476335428185       (2.10141742888865913E-006,-1.89013369058482622E-002)
   53.092915845667498       (2.08482486355611187E-006,-1.88268393816025462E-002)
   53.302355355906819       (2.06842822007795483E-006,-1.87529265507606867E-002)
   53.511794866146140       (2.05222442332489494E-006,-1.86795915596788646E-002)
   53.721234376385461       (2.03621045831957972E-006,-1.86068276613676024E-002)
   53.930673886624781       (2.02038336882020231E-006,-1.85346282134258369E-002)
   54.140113396864102       (2.00474025596203044E-006,-1.84629866760227454E-002)
   54.349552907103416       (1.98927827691472923E-006,-1.83918966099268638E-002)
   54.558992417342736       (1.97399464359376143E-006,-1.83213516745795932E-002)
   54.768431927582057       (1.95888662139589479E-006,-1.82513456262129205E-002)
   54.977871437821378       (1.94395152797316247E-006,-1.81818723160108754E-002)
   55.187310948060698       (1.92918673203679409E-006,-1.81129256883115451E-002)
   55.396750458300019       (1.91458965219711346E-006,-1.80444997788505902E-002)
   55.606189968539333       (1.90015775582647736E-006,-1.79765887130440803E-002)
   55.815629478778654       (1.88588855796412690E-006,-1.79091867043096910E-002)
   56.025068989017974       (1.87177962023691786E-006,-1.78422880524259433E-002)
   56.234508499257295       (1.85782854981723489E-006,-1.77758871419273976E-002)
   56.443948009496616       (1.84403299840541104E-006,-1.77099784405361851E-002)
   56.653387519735936       (1.83039066123599691E-006,-1.76445564976274137E-002)
   56.862827029975250       (1.81689927611362549E-006,-1.75796159427291238E-002)
   57.072266540214571       (1.80355662247304436E-006,-1.75151514840548583E-002)
   57.281706050453892       (1.79036052046113975E-006,-1.74511579070680926E-002)
   57.491145560693212       (1.77730883004474702E-006,-1.73876300730788150E-002)
   57.700585070932533       (1.76439945014041235E-006,-1.73245629178695008E-002)
   57.910024581171854       (1.75163031776378237E-006,-1.72619514503515176E-002)
   58.119464091411167       (1.73899940720717204E-006,-1.71997907512503739E-002)
   58.328903601650488       (1.72650472923013166E-006,-1.71380759718193290E-002)
   58.538343111889809       (1.71414433027560409E-006,-1.70768023325800697E-002)
   58.747782622129129       (1.70191629170339191E-006,-1.70159651220908627E-002)
   58.957222132368450       (1.68981872904246957E-006,-1.69555596957405123E-002)
   59.166661642607771       (1.67784979126776865E-006,-1.68955814745680097E-002)
   59.376101152847085       (1.66600766008039259E-006,-1.68360259441070921E-002)
   59.585540663086405       (1.65429054922684104E-006,-1.67768886532552834E-002)
   59.794980173325726       (1.64269670381318780E-006,-1.67181652131660474E-002)
   60.004419683565047       (1.63122439965129341E-006,-1.66598512961648564E-002)
   60.213859193804367       (1.61987194261674546E-006,-1.66019426346874534E-002)
   60.423298704043688       (1.60863766801833656E-006,-1.65444350202396881E-002)
   60.632738214283002       (1.59751993998824834E-006,-1.64873243023802782E-002)
   60.842177724522323       (1.58651715088425680E-006,-1.64306063877226738E-002)
   61.051617234761643       (1.57562772070624672E-006,-1.63742772389587170E-002)
   61.261056745000964       (1.56485009653016562E-006,-1.63183328739020736E-002)
   61.470496255240285       (1.55418275194887774E-006,-1.62627693645505181E-002)
   61.679935765479605       (1.54362418653262829E-006,-1.62075828361684313E-002)
   61.889375275718919       (1.53317292530117922E-006,-1.61527694663866246E-002)
   62.098814785958240       (1.52282751820365651E-006,-1.60983254843211944E-002)
   62.308254296197561       (1.51258653961756189E-006,-1.60442471697098167E-002)
   62.517693806436881       (1.50244858785446563E-006,-1.59905308520655459E-002)
   62.727133316676202       (1.49241228468002492E-006,-1.59371729098471172E-002)
   62.936572826915523       (1.48247627484435580E-006,-1.58841697696462669E-002)
   63.146012337154836       (1.47263922562253976E-006,-1.58315179053908628E-002)
   63.355451847394157       (1.46289982636707232E-006,-1.57792138375637513E-002)
   63.564891357633478       (1.45325678807118812E-006,-1.57272541324376715E-002)
   63.774330867872798       (1.44370884293794810E-006,-1.56756354013241617E-002)
   63.983770378112119       (1.43425474396731122E-006,-1.56243542998381283E-002)
   64.193209888351433       (1.42489326454412023E-006,-1.55734075271761786E-002)
   64.402649398590754       (1.41562319804035808E-006,-1.55227918254092472E-002)
   64.612088908830074       (1.40644335742658108E-006,-1.54725039787890865E-002)
   64.821528419069395       (1.39735257488874156E-006,-1.54225408130680055E-002)
   65.030967929308716       (1.38834970145718803E-006,-1.53728991948313028E-002)
   65.240407439548036       (1.37943360664410526E-006,-1.53235760308435536E-002)
   65.449846949787357       (1.37060317808379691E-006,-1.52745682674067223E-002)
   65.659286460026678       (1.36185732118980792E-006,-1.52258728897301729E-002)
   65.868725970265999       (1.35319495881119217E-006,-1.51774869213136803E-002)
   66.078165480505319       (1.34461503090081203E-006,-1.51294074233413525E-002)
   66.287604990744626       (1.33611649419220947E-006,-1.50816314940877220E-002)
   66.497044500983947       (1.32769832187971122E-006,-1.50341562683337510E-002)
   66.706484011223267       (1.31935950330725398E-006,-1.49869789167955403E-002)
   66.915923521462588       (1.31109904366699615E-006,-1.49400966455623778E-002)
   67.125363031701909       (1.30291596369816377E-006,-1.48935066955459845E-002)
   67.334802541941229       (1.29480929939972632E-006,-1.48472063419398254E-002)
   67.544242052180550       (1.28677810174349374E-006,-1.48011928936883294E-002)
   67.753681562419871       (1.27882143639711973E-006,-1.47554636929662780E-002)
   67.963121072659192       (1.27093838345009423E-006,-1.47100161146673045E-002)
   68.172560582898512       (1.26312803714918895E-006,-1.46648475659022937E-002)
   68.382000093137833       (1.25538950563679008E-006,-1.46199554855068279E-002)
   68.591439603377140       (1.24772191069519657E-006,-1.45753373435574610E-002)
   68.800879113616460       (1.24012438749744852E-006,-1.45309906408969385E-002)
   69.010318623855781       (1.23259608436411876E-006,-1.44869129086681436E-002)
   69.219758134095102       (1.22513616252137252E-006,-1.44431017078562891E-002)
   69.429197644334423       (1.21774379586914808E-006,-1.43995546288396212E-002)
   69.638637154573743       (1.21041817075117713E-006,-1.43562692909479910E-002)
   69.848076664813064       (1.20315848573063161E-006,-1.43132433420294029E-002)
   70.057516175052385       (1.19596395137027289E-006,-1.42704744580245679E-002)
   70.266955685291705       (1.18883379001767093E-006,-1.42279603425485412E-002)
   70.476395195531026       (1.18176723559507781E-006,-1.41856987264804627E-002)
   70.685834705770347       (1.17476353339142676E-006,-1.41436873675599966E-002)
   70.895274216009668       (1.16782193986251176E-006,-1.41019240499911658E-002)
   71.104713726248974       (1.16094172243246254E-006,-1.40604065840534073E-002)
   71.314153236488295       (1.15412215929921916E-006,-1.40191328057187401E-002)
   71.523592746727616       (1.14736253924646877E-006,-1.39781005762766534E-002)
   71.733032256966936       (1.14066216145659862E-006,-1.39373077819646800E-002)
   71.942471767206257       (1.13402033532882289E-006,-1.38967523336059537E-002)
   72.151911277445578       (1.12743638030144784E-006,-1.38564321662527981E-002)
   72.361350787684898       (1.12090962567643396E-006,-1.38163452388365259E-002)
   72.570790297924219       (1.11443941044880750E-006,-1.37764895338234657E-002)
   72.780229808163540       (1.10802508313895433E-006,-1.37368630568766963E-002)
   72.989669318402861       (1.10166600162791314E-006,-1.36974638365237791E-002)
   73.199108828642181       (1.09536153299641201E-006,-1.36582899238300165E-002)
   73.408548338881502       (1.08911105336845472E-006,-1.36193393920773804E-002)
   73.617987849120809       (1.08291394775385437E-006,-1.35806103364490127E-002)
   73.827427359360129       (1.07676960989892408E-006,-1.35421008737188799E-002)
   74.036866869599450       (1.07067744213776259E-006,-1.35038091419468990E-002)
   74.246306379838771       (1.06463685524535803E-006,-1.34657333001788823E-002)
   74.455745890078092       (1.05864726829686690E-006,-1.34278715281520925E-002)
   74.665185400317412       (1.05270810852488522E-006,-1.33902220260052017E-002)
   74.874624910556733       (1.04681881118535561E-006,-1.33527830139933672E-002)
   75.084064420796054       (1.04097881942026937E-006,-1.33155527322080403E-002)
   75.293503931035374       (1.03518758412779283E-006,-1.32785294403014471E-002)
   75.502943441274695       (1.02944456383213281E-006,-1.32417114172156680E-002)
   75.712382951514016       (1.02374922455733845E-006,-1.32050969609160233E-002)
   75.921822461753337       (1.01810103970083601E-006,-1.31686843881292787E-002)
   76.131261971992643       (1.01249948991508568E-006,-1.31324720340855790E-002)
   76.340701482231964       (1.00694406298500170E-006,-1.30964582522652469E-002)
   76.550140992471285       (1.00143425371172760E-006,-1.30606414141492492E-002)
   76.759580502710605       (9.95969563797382517E-007,-1.30250199089740320E-002)
   76.969020012949926       (9.90549501732377273E-007,-1.29895921434900977E-002)
   77.178459523189247       (9.85173582685131702E-007,-1.29543565417248770E-002)
   77.387899033428567       (9.79841328392339855E-007,-1.29193115447490230E-002)
   77.597338543667888       (9.74552267053201206E-007,-1.28844556104466962E-002)
   77.806778053907209       (9.69305933224571099E-007,-1.28497872132898889E-002)
   78.016217564146530       (9.64101867719045535E-007,-1.28153048441154629E-002)
   78.225657074385850       (9.58939617503344746E-007,-1.27810070099067183E-002)
   78.435096584625171       (9.53818735599800088E-007,-1.27468922335781058E-002)
   78.644536094864478       (9.48738780990320196E-007,-1.27129590537631738E-002)
   78.853975605103798       (9.43699318520133843E-007,-1.26792060246060569E-002)
   79.063415115343119       (9.38699918804769208E-007,-1.26456317155564171E-002)
   79.272854625582440       (9.33740158138896502E-007,-1.26122347111673992E-002)
   79.482294135821761       (9.28819618406122141E-007,-1.25790136108969147E-002)
   79.691733646061081       (9.23937886990331289E-007,-1.25459670289118450E-002)
   79.901173156300402       (9.19094556689162804E-007,-1.25130935938957653E-002)
   80.110612666539723       (9.14289225629936667E-007,-1.24803919488591982E-002)
   80.320052176779043       (9.09521497184972075E-007,-1.24478607509530687E-002)
   80.529491687018364       (9.04790979890000595E-007,-1.24154986712851408E-002)
   80.738931197257685       (9.00097287363651333E-007,-1.23833043947389441E-002)
   80.948370707497006       (8.95440038228787843E-007,-1.23512766197960526E-002)
   81.157810217736312       (8.90818856034252436E-007,-1.23194140583607181E-002)
   81.367249727975633       (8.86233369179431867E-007,-1.22877154355870485E-002)
   81.576689238214954       (8.81683210838494897E-007,-1.22561794897096937E-002)
   81.786128748454274       (8.77168018888188871E-007,-1.22248049718758460E-002)
   81.995568258693595       (8.72687435834687205E-007,-1.21935906459810922E-002)
   82.205007768932916       (8.68241108741775280E-007,-1.21625352885068681E-002)
   82.414447279172236       (8.63828689164405160E-007,-1.21316376883607441E-002)
   82.623886789411557       (8.59449833077240630E-007,-1.21008966467192024E-002)
   82.833326299650878       (8.55104200808945650E-007,-1.20703109768726113E-002)
   83.042765809890199       (8.50791456975887197E-007,-1.20398795040726377E-002)
   83.252205320129519       (8.46511270415944398E-007,-1.20096010653820990E-002)
   83.461644830368840       (8.42263314128732468E-007,-1.19794745095265949E-002)
   83.671084340608147       (8.38047265209530535E-007,-1.19494986967489617E-002)
   83.880523850847467       (8.33862804787433311E-007,-1.19196724986655959E-002)
   84.089963361086788       (8.29709617968158046E-007,-1.18899947981249855E-002)
   84.299402871326109       (8.25587393771640651E-007,-1.18604644890680528E-002)
   84.508842381565429       (8.21495825076688021E-007,-1.18310804763912328E-002)
   84.718281891804750       (8.17434608559863018E-007,-1.18018416758110065E-002)
   84.927721402044071       (8.13403444643208356E-007,-1.17727470137305515E-002)
   85.137160912283392       (8.09402037435762994E-007,-1.17437954271085235E-002)
   85.346600422522712       (8.05430094681160765E-007,-1.17149858633296688E-002)
   85.556039932762033       (8.01487327703484001E-007,-1.16863172800773327E-002)
   85.765479443001354       (7.97573451354642358E-007,-1.16577886452077402E-002)
   85.974918953240675       (7.93688183962663991E-007,-1.16293989366263398E-002)
   86.184358463479981       (7.89831247281296673E-007,-1.16011471421658165E-002)
   86.393797973719302       (7.86002366440040370E-007,-1.15730322594658225E-002)
   86.603237483958623       (7.82201269894692051E-007,-1.15450532958543840E-002)
   86.812676994197943       (7.78427689380109527E-007,-1.15172092682314098E-002)
   87.022116504437264       (7.74681359861653588E-007,-1.14894992029535223E-002)
   87.231556014676585       (7.70962019489089299E-007,-1.14619221357204672E-002)
   87.440995524915905       (7.67269409551041348E-007,-1.14344771114635712E-002)
   87.650435035155226       (7.63603274429374871E-007,-1.14071631842354217E-002)
   87.859874545394547       (7.59963361556035096E-007,-1.13799794171012252E-002)
   88.069314055633868       (7.56349421367651352E-007,-1.13529248820318091E-002)
   88.278753565873188       (7.52761207263875866E-007,-1.13259986597981834E-002)
   88.488193076112509       (7.49198475565724556E-007,-1.12991998398672706E-002)
   88.697632586351816       (7.45660985472700336E-007,-1.12725275202994104E-002)
   88.907072096591136       (7.42148499023205440E-007,-1.12459808076473215E-002)
   89.116511606830457       (7.38660781054862164E-007,-1.12195588168563370E-002)
   89.325951117069778       (7.35197599163275068E-007,-1.11932606711660776E-002)
   89.535390627309098       (7.31758723664486451E-007,-1.11670855020135594E-002)
   89.744830137548419       (7.28343927557562164E-007,-1.11410324489377120E-002)
   89.954269647787740       (7.24952986485791893E-007,-1.11151006594849434E-002)
   90.163709158027061       (7.21585678699453163E-007,-1.10892892891163858E-002)
   90.373148668266381       (7.18241785021681947E-007,-1.10635975011163130E-002)
   90.582588178505702       (7.14921088810308538E-007,-1.10380244665015791E-002)
   90.792027688745023       (7.11623375924291540E-007,-1.10125693639326356E-002)
   91.001467198984344       (7.08348434688468483E-007,-1.09872313796257094E-002)
   91.210906709223650       (7.05096055859763764E-007,-1.09620097072659559E-002)
   91.420346219462971       (7.01866032593655247E-007,-1.09369035479220857E-002)
   91.629785729702292       (6.98658160411234423E-007,-1.09119121099621394E-002)
   91.839225239941612       (6.95472237167075695E-007,-1.08870346089701611E-002)
   92.048664750180933       (6.92308063017016413E-007,-1.08622702676642851E-002)
   92.258104260420254       (6.89165440386458675E-007,-1.08376183158157557E-002)
   92.467543770659574       (6.86044173940499239E-007,-1.08130779901691402E-002)
   92.676983280898895       (6.82944070552875180E-007,-1.07886485343637838E-002)
   92.886422791138216       (6.79864939275457573E-007,-1.07643291988557162E-002)
   93.095862301377537       (6.76806591310388559E-007,-1.07401192408415162E-002)
   93.305301811616857       (6.73768839979996528E-007,-1.07160179241823673E-002)
   93.514741321856178       (6.70751500697669522E-007,-1.06920245193297524E-002)
   93.724180832095485       (6.67754390941510179E-007,-1.06681383032516276E-002)
   93.933620342334805       (6.64777330225511091E-007,-1.06443585593600232E-002)
   94.143059852574126       (6.61820140072455898E-007,-1.06206845774394244E-002)
   94.352499362813447       (6.58882643987661367E-007,-1.05971156535759406E-002)
   94.561938873052767       (6.55964667431638879E-007,-1.05736510900876872E-002)
   94.771378383292088       (6.53066037795480386E-007,-1.05502901954560042E-002)
   94.980817893531409       (6.50186584373843044E-007,-1.05270322842575276E-002)
   95.190257403770730       (6.47326138341016927E-007,-1.05038766770972139E-002)
   95.399696914010050       (6.44484532725618861E-007,-1.04808227005420904E-002)
   95.609136424249371       (6.41661602385864672E-007,-1.04578696870561930E-002)
   95.818575934488692       (6.38857183986520788E-007,-1.04350169749360400E-002)
   96.028015444727998       (6.36071115973765460E-007,-1.04122639082471317E-002)
   96.237454954967319       (6.33303238553665554E-007,-1.03896098367612325E-002)
   96.446894465206640       (6.30553393667756695E-007,-1.03670541158944161E-002)
   96.656333975445961       (6.27821424971315389E-007,-1.03445961066460038E-002)
   96.865773485685281       (6.25107177810770243E-007,-1.03222351755382045E-002)
   97.075212995924602       (6.22410499201481752E-007,-1.02999706945567336E-002)
   97.284652506163923       (6.19731237807294283E-007,-1.02778020410917662E-002)
   97.494092016403243       (6.17069243918036767E-007,-1.02557285978801729E-002)
   97.703531526642564       (6.14424369428890565E-007,-1.02337497529481816E-002)
   97.912971036881885       (6.11796467820437391E-007,-1.02118648995548761E-002)
   98.122410547121206       (6.09185394137537807E-007,-1.01900734361363206E-002)
   98.331850057360526       (6.06591004969565074E-007,-1.01683747662505240E-002)
   98.541289567599833       (6.04013158430893112E-007,-1.01467682985230349E-002)
   98.750729077839154       (6.01451714141459954E-007,-1.01252534465931954E-002)
   98.960168588078474       (5.98906533207467781E-007,-1.01038296290612527E-002)
   99.169608098317795       (5.96377478202365866E-007,-1.00824962694358779E-002)
   99.379047608557116       (5.93864413148566633E-007,-1.00612527960825728E-002)
   99.588487118796436       (5.91367203499167421E-007,-1.00400986421726127E-002)
   99.797926629035757       (5.88885716120087936E-007,-1.00190332456325613E-002)
   100.00736613927508       (5.86419819271489317E-007,-9.99805604909478202E-003)
   100.21680564951440       (5.83969382591163606E-007,-9.97716649984782371E-003)
   100.42624515975372       (5.81534277077104347E-007,-9.95636404978843259E-003)
   100.63568466999304       (5.79114375070122090E-007,-9.93564815537336180E-003)
   100.84512418023236       (5.76709550237179644E-007,-9.91501827757204288E-003)
   101.05456369047167       (5.74319677555620331E-007,-9.89447388181982634E-003)
   101.26400320071099       (5.71944633295793324E-007,-9.87401443797208435E-003)
   101.47344271095031       (5.69584295005737283E-007,-9.85363942025828041E-003)
   101.68288222118963       (5.67238541495200757E-007,-9.83334830723732282E-003)
   101.89232173142895       (5.64907252820163294E-007,-9.81314058175265444E-003)
   102.10176124166827       (5.62590310267297363E-007,-9.79301573088871280E-003)
   102.31120075190759       (5.60287596338737010E-007,-9.77297324592751523E-003)
   102.52064026214691       (5.57998994737698938E-007,-9.75301262230554925E-003)
   102.73007977238623       (5.55724390353459218E-007,-9.73313335957171240E-003)
   102.93951928262555       (5.53463669246451438E-007,-9.71333496134544130E-003)
   103.14895879286487       (5.51216718634648529E-007,-9.69361693527538530E-003)
   103.35839830310420       (5.48983426879475656E-007,-9.67397879299851382E-003)
   103.56783781334350       (5.46763683471157815E-007,-9.65442005010010498E-003)
   103.77727732358282       (5.44557379015904971E-007,-9.63494022607358849E-003)
   103.98671683382214       (5.42364405222063278E-007,-9.61553884428141895E-003)
   104.19615634406146       (5.40184654886586479E-007,-9.59621543191623710E-003)
   104.40559585430078       (5.38018021882513481E-007,-9.57696951996232608E-003)
   104.61503536454011       (5.35864401145220370E-007,-9.55780064315782732E-003)
   104.82447487477943       (5.33723688660401548E-007,-9.53870833995720466E-003)
   105.03391438501875       (5.31595781451511194E-007,-9.51969215249412470E-003)
   105.24335389525807       (5.29480577566369244E-007,-9.50075162654516817E-003)
   105.45279340549739       (5.27377976066274999E-007,-9.48188631149322718E-003)
   105.66223291573671       (5.25287877013006445E-007,-9.46309576029227655E-003)
   105.87167242597603       (5.23210181457554181E-007,-9.44437952943161067E-003)
   106.08111193621534       (5.21144791427681475E-007,-9.42573717890131391E-003)
   106.29055144645466       (5.19091609917122897E-007,-9.40716827215772738E-003)
   106.49999095669398       (5.17050540873602188E-007,-9.38867237608918305E-003)
   106.70943046693330       (5.15021489188282788E-007,-9.37024906098258246E-003)
   106.91886997717262       (5.13004360683580405E-007,-9.35189790049005022E-003)
   107.12830948741194       (5.10999062103388360E-007,-9.33361847159592216E-003)
   107.33774899765126       (5.09005501101514637E-007,-9.31541035458459225E-003)
   107.54718850789058       (5.07023586231311868E-007,-9.29727313300796922E-003)
   107.75662801812990       (5.05053226935212031E-007,-9.27920639365412830E-003)
   107.96606752836922       (5.03094333534543205E-007,-9.26120972651568036E-003)
   108.17550703860854       (5.01146817218634509E-007,-9.24328272475898917E-003)
   108.38494654884786       (4.99210590035520754E-007,-9.22542498469315457E-003)
   108.59438605908717       (4.97285564881751375E-007,-9.20763610574027933E-003)
   108.80382556932649       (4.95371655492277169E-007,-9.18991569040503858E-003)
   109.01326507956581       (4.93468776431101804E-007,-9.17226334424525377E-003)
   109.22270458980513       (4.91576843081866417E-007,-9.15467867584279088E-003)
   109.43214410004445       (4.89695771637862988E-007,-9.13716129677437719E-003)
   109.64158361028377       (4.87825479093496562E-007,-9.11971082158316397E-003)
   109.85102312052310       (4.85965883234495246E-007,-9.10232686775048691E-003)
   110.06046263076242       (4.84116902628899578E-007,-9.08500905566780523E-003)
   110.26990214100174       (4.82278456619246106E-007,-9.06775700860920630E-003)
   110.47934165124106       (4.80450465311462469E-007,-9.05057035270408379E-003)
   110.68878116148038       (4.78632849568885436E-007,-9.03344871691002561E-003)
   110.89822067171970       (4.76825531001541392E-007,-9.01639173298622587E-003)
   111.10766018195901       (4.75028431959088324E-007,-8.99939903546711703E-003)
   111.31709969219833       (4.73241475521120369E-007,-8.98247026163617041E-003)
   111.52653920243765       (4.71464585490861651E-007,-8.96560505150018928E-003)
   111.73597871267697       (4.69697686385040903E-007,-8.94880304776381717E-003)
   111.94541822291629       (4.67940703426861674E-007,-8.93206389580416225E-003)
   112.15485773315561       (4.66193562538149755E-007,-8.91538724364606544E-003)
   112.36429724339493       (4.64456190331243736E-007,-8.89877274193724872E-003)
   112.57373675363425       (4.62728514101227608E-007,-8.88222004392417129E-003)
   112.78317626387357       (4.61010461818701603E-007,-8.86572880542760289E-003)
   112.99261577411289       (4.59301962121792763E-007,-8.84929868481904025E-003)
   113.20205528435221       (4.57602944309367885E-007,-8.83292934299697782E-003)
   113.41149479459153       (4.55913338332611041E-007,-8.81662044336365726E-003)
   113.62093430483084       (4.54233074789257246E-007,-8.80037165180193315E-003)
   113.83037381507016       (4.52562084915265117E-007,-8.78418263665265049E-003)
   114.03981332530948       (4.50900300578383025E-007,-8.76805306869179492E-003)
   114.24925283554880       (4.49247654270904313E-007,-8.75198262110834894E-003)
   114.45869234578812       (4.47604079103115870E-007,-8.73597096948235639E-003)
   114.66813185602744       (4.45969508796205654E-007,-8.72001779176282375E-003)
   114.87757136626676       (4.44343877675786234E-007,-8.70412276824625818E-003)
   115.08701087650608       (4.42727120665206555E-007,-8.68828558155554896E-003)
   115.29645038674541       (4.41119173278742224E-007,-8.67250591661835636E-003)
   115.50588989698473       (4.39519971616129868E-007,-8.65678346064669736E-003)
   115.71532940722405       (4.37929452355016048E-007,-8.64111790311598502E-003)
   115.92476891746337       (4.36347552745507817E-007,-8.62550893574473218E-003)
   116.13420842770267       (4.34774210603420548E-007,-8.60995625247437495E-003)
   116.34364793794199       (4.33209364304344095E-007,-8.59445954944910648E-003)
   116.55308744818132       (4.31652952778295104E-007,-8.57901852499617749E-003)
   116.76252695842064       (4.30104915502385043E-007,-8.56363287960645869E-003)
   116.97196646865996       (4.28565192496465183E-007,-8.54830231591495113E-003)
   117.18140597889928       (4.27033724315661746E-007,-8.53302653868153772E-003)
   117.39084548913860       (4.25510452046287546E-007,-8.51780525477222571E-003)
   117.60028499937792       (4.23995317299346834E-007,-8.50263817314031792E-003)
   117.80972450961724       (4.22488262204184877E-007,-8.48752500480794494E-003)
   118.01916401985656       (4.20989229404628667E-007,-8.47246546284754348E-003)
   118.22860353009588       (4.19498162052328022E-007,-8.45745926236384990E-003)
   118.43804304033520       (4.18015003801716697E-007,-8.44250612047594065E-003)
   118.64748255057451       (4.16539698804636579E-007,-8.42760575629934901E-003)
   118.85692206081383       (4.15072191705053421E-007,-8.41275789092872997E-003)
   119.06636157105315       (4.13612427633806827E-007,-8.39796224742006547E-003)
   119.27580108129247       (4.12160352204062690E-007,-8.38321855077386185E-003)
   119.48524059153179       (4.10715911505379142E-007,-8.36852652791783558E-003)
   119.69468010177111       (4.09279052098628065E-007,-8.35388590769022520E-003)
   119.90411961201043       (4.07849721012589169E-007,-8.33929642082296106E-003)
   120.11355912224975       (4.06427865737173996E-007,-8.32475779992536934E-003)
   120.32299863248907       (4.05013434219500979E-007,-8.31026977946768171E-003)
   120.53243814272840       (4.03606374859135382E-007,-8.29583209576486083E-003)
   120.74187765296772       (4.02206636503364178E-007,-8.28144448696071199E-003)
   120.95131716320702       (4.00814168442263462E-007,-8.26710669301203814E-003)
   121.16075667344634       (3.99428920404586634E-007,-8.25281845567293372E-003)
   121.37019618368566       (3.98050842552243807E-007,-8.23857951847927969E-003)
   121.57963569392498       (3.96679885477388440E-007,-8.22438962673339297E-003)
   121.78907520416431       (3.95316000196284551E-007,-8.21024852748900892E-003)
   121.99851471440363       (3.93959138146366405E-007,-8.19615596953604010E-003)
   122.20795422464295       (3.92609251181018778E-007,-8.18211170338570618E-003)
   122.41739373488227       (3.91266291565564615E-007,-8.16811548125612706E-003)
   122.62683324512159       (3.89930211973132088E-007,-8.15416705705729154E-003)
   122.83627275536091       (3.88600965480068078E-007,-8.14026618637699560E-003)
   123.04571226560023       (3.87278505562532673E-007,-8.12641262646647371E-003)
   123.25515177583955       (3.85962786092110854E-007,-8.11260613622619836E-003)
   123.46459128607886       (3.84653761331163920E-007,-8.09884647619193813E-003)
   123.67403079631818       (3.83351385929876842E-007,-8.08513340852102906E-003)
   123.88347030655750       (3.82055614921904723E-007,-8.07146669697843613E-003)
   124.09290981679682       (3.80766403720191420E-007,-8.05784610692343063E-003)
   124.30234932703614       (3.79483708113176795E-007,-8.04427140529602978E-003)
   124.51178883727546       (3.78207484261564544E-007,-8.03074236060374001E-003)
   124.72122834751478       (3.76937688694171416E-007,-8.01725874290850488E-003)
   124.93066785775410       (3.75674278304153314E-007,-8.00382032381345178E-003)
   125.14010736799342       (3.74417210345460301E-007,-7.99042687645012614E-003)
   125.34954687823274       (3.73166442429187845E-007,-7.97707817546586956E-003)
   125.55898638847206       (3.71921932520360217E-007,-7.96377399701096028E-003)
   125.76842589871139       (3.70683638933540101E-007,-7.95051411872616832E-003)
   125.97786540895069       (3.69451520329992731E-007,-7.93729831973049096E-003)
   126.18730491919001       (3.68225535714349907E-007,-7.92412638060871824E-003)
   126.39674442942933       (3.67005644430854562E-007,-7.91099808339935755E-003)
   126.60618393966865       (3.65791806159952995E-007,-7.89791321158276813E-003)
   126.81562344990797       (3.64583980915084459E-007,-7.88487155006897117E-003)
   127.02506296014730       (3.63382129039595305E-007,-7.87187288518599246E-003)
   127.23450247038662       (3.62186211202967738E-007,-7.85891700466844964E-003)
   127.44394198062594       (3.60996188398113273E-007,-7.84600369764555314E-003)
   127.65338149086526       (3.59812021937995249E-007,-7.83313275463001606E-003)
   127.86282100110458       (3.58633673452468919E-007,-7.82030396750650961E-003)
   128.07226051134390       (3.57461104884993901E-007,-7.80751712952061985E-003)
   128.28170002158322       (3.56294278489847071E-007,-7.79477203526767956E-003)
   128.49113953182254       (3.55133156829102627E-007,-7.78206848068167811E-003)
   128.70057904206186       (3.53977702769409180E-007,-7.76940626302454092E-003)
   128.91001855230118       (3.52827879478969814E-007,-7.75678518087520499E-003)
   129.11945806254050       (3.51683650424835293E-007,-7.74420503411904233E-003)
   129.32889757277982       (3.50544979370124887E-007,-7.73166562393727032E-003)
   129.53833708301914       (3.49411830370553592E-007,-7.71916675279630225E-003)
   129.74777659325844       (3.48284167772263146E-007,-7.70670822443776399E-003)
   129.95721610349776       (3.47161956208623415E-007,-7.69428984386774390E-003)
   130.16665561373708       (3.46045160597502624E-007,-7.68191141734712608E-003)
   130.37609512397640       (3.44933746138738744E-007,-7.66957275238104239E-003)
   130.58553463421572       (3.43827678311448426E-007,-7.65727365770923693E-003)
   130.79497414445504       (3.42726922870369450E-007,-7.64501394329603155E-003)
   131.00441365469436       (3.41631445845029102E-007,-7.63279342032057925E-003)
   131.21385316493368       (3.40541213535524680E-007,-7.62061190116713246E-003)
   131.42329267517300       (3.39456192510568433E-007,-7.60846919941555056E-003)
   131.63273218541232       (3.38376349604925977E-007,-7.59636512983166787E-003)
   131.84217169565164       (3.37301651916873186E-007,-7.58429950835794262E-003)
   132.05161120589096       (3.36232066805569590E-007,-7.57227215210416402E-003)
   132.26105071613028       (3.35167561888618926E-007,-7.56028287933812031E-003)
   132.47049022636961       (3.34108105039552971E-007,-7.54833150947652447E-003)
   132.67992973660893       (3.33053664385782940E-007,-7.53641786307587738E-003)
   132.88936924684825       (3.32004208305683470E-007,-7.52454176182361465E-003)
   133.09880875708757       (3.30959705426417597E-007,-7.51270302852902541E-003)
   133.30824826732689       (3.29920124621767081E-007,-7.50090148711463241E-003)
   133.51768777756621       (3.28885435009608252E-007,-7.48913696260741953E-003)
   133.72712728780553       (3.27855605949676258E-007,-7.47740928113003155E-003)
   133.93656679804485       (3.26830607041223929E-007,-7.46571826989237547E-003)
   134.14600630828417       (3.25810408120921234E-007,-7.45406375718320711E-003)
   134.35544581852349       (3.24794979260499366E-007,-7.44244557236139505E-003)
   134.56488532876281       (3.23784290764817867E-007,-7.43086354584797729E-003)
   134.77432483900211       (3.22778313169114949E-007,-7.41931750911765941E-003)
   134.98376434924143       (3.21777017237663779E-007,-7.40780729469080884E-003)
   135.19320385948075       (3.20780373960791399E-007,-7.39633273612518190E-003)
   135.40264336972007       (3.19788354553586474E-007,-7.38489366800805513E-003)
   135.61208287995939       (3.18800930453208957E-007,-7.37348992594817707E-003)
   135.82152239019871       (3.17818073317048476E-007,-7.36212134656803914E-003)
   136.03096190043803       (3.16839755020786223E-007,-7.35078776749592197E-003)
   136.24040141067735       (3.15865947656362599E-007,-7.33948902735815072E-003)
   136.44984092091667       (3.14896623529656134E-007,-7.32822496577159588E-003)
   136.65928043115599       (3.13931755159193244E-007,-7.31699542333599795E-003)
   136.86871994139531       (3.12971315273267792E-007,-7.30580024162644660E-003)
   137.07815945163463       (3.12015276809003101E-007,-7.29463926318589615E-003)
   137.28759896187395       (3.11063612909598937E-007,-7.28351233151789453E-003)
   137.49703847211327       (3.10116296923124125E-007,-7.27241929107911699E-003)
   137.70647798235260       (3.09173302400119646E-007,-7.26135998727232921E-003)
   137.91591749259192       (3.08234603092057469E-007,-7.25033426643895140E-003)
   138.12535700283124       (3.07300172949432660E-007,-7.23934197585219923E-003)
   138.33479651307056       (3.06369986119858244E-007,-7.22838296370980921E-003)
   138.54423602330988       (3.05444016946489833E-007,-7.21745707912722217E-003)
   138.75367553354920       (3.04522239966026834E-007,-7.20656417213058360E-003)
   138.96311504378852       (3.03604629907208870E-007,-7.19570409364985765E-003)
   139.17255455402784       (3.02691161688822858E-007,-7.18487669551212162E-003)
   139.38199406426716       (3.01781810418017848E-007,-7.17408183043471114E-003)
   139.59143357450648       (3.00876551389012865E-007,-7.16331935201865860E-003)
   139.80087308474577       (2.99975360080763659E-007,-7.15258911474196332E-003)
   140.01031259498509       (2.99078212155726982E-007,-7.14189097395315046E-003)
   140.21975210522442       (2.98185083458259174E-007,-7.13122478586465658E-003)
   140.42919161546374       (2.97295950012815630E-007,-7.12059040754652994E-003)
   140.63863112570306       (2.96410788022211154E-007,-7.10998769691989496E-003)
   140.84807063594238       (2.95529573866444282E-007,-7.09941651275067601E-003)
   141.05751014618170       (2.94652284100699494E-007,-7.08887671464346076E-003)
   141.26694965642102       (2.93778895454123205E-007,-7.07836816303506183E-003)
   141.47638916666034       (2.92909384827840593E-007,-7.06789071918850591E-003)
   141.68582867689966       (2.92043729294020741E-007,-7.05744424518692758E-003)
   141.89526818713898       (2.91181906093962287E-007,-7.04702860392742922E-003)
   142.10470769737830       (2.90323892636481631E-007,-7.03664365911520120E-003)
   142.31414720761762       (2.89469666496916871E-007,-7.02628927525748414E-003)
   142.52358671785694       (2.88619205415227013E-007,-7.01596531765768389E-003)
   142.73302622809626       (2.87772487294710037E-007,-7.00567165240959747E-003)
   142.94246573833559       (2.86929490200591317E-007,-6.99540814639163042E-003)
   143.15190524857491       (2.86090192358454706E-007,-6.98517466726091690E-003)
   143.36134475881423       (2.85254572153103222E-007,-6.97497108344780591E-003)
   143.57078426905355       (2.84422608126905533E-007,-6.96479726415012278E-003)
   143.78022377929287       (2.83594278978479246E-007,-6.95465307932762247E-003)
   143.98966328953219       (2.82769563561600512E-007,-6.94453839969640281E-003)
   144.19910279977151       (2.81948440883333298E-007,-6.93445309672349741E-003)
   144.40854231001083       (2.81130890102961754E-007,-6.92439704262135143E-003)
   144.61798182025015       (2.80316890530923645E-007,-6.91437011034247342E-003)
   144.82742133048944       (2.79506421627162074E-007,-6.90437217357403425E-003)
   145.03686084072876       (2.78699462999961922E-007,-6.89440310673264216E-003)
   145.24630035096808       (2.77895994404437739E-007,-6.88446278495904226E-003)
   145.45573986120741       (2.77095995741795182E-007,-6.87455108411285688E-003)
   145.66517937144673       (2.76299447057304808E-007,-6.86466788076752713E-003)
   145.87461888168605       (2.75506328539933824E-007,-6.85481305220506012E-003)
   146.08405839192537       (2.74716620520399184E-007,-6.84498647641110149E-003)
   146.29349790216469       (2.73930303470201230E-007,-6.83518803206979979E-003)
   146.50293741240401       (2.73147358000619531E-007,-6.82541759855878356E-003)
   146.71237692264333       (2.72367764861139737E-007,-6.81567505594431796E-003)
   146.92181643288265       (2.71591504938680339E-007,-6.80596028497635046E-003)
   147.13125594312197       (2.70818559255909088E-007,-6.79627316708361975E-003)
   147.34069545336129       (2.70048908970592947E-007,-6.78661358436886356E-003)
   147.55013496360061       (2.69282535374075078E-007,-6.77698141960400222E-003)
   147.75957447383993       (2.68519419890470685E-007,-6.76737655622547049E-003)
   147.96901398407925       (2.67759544075304191E-007,-6.75779887832945406E-003)
   148.17845349431857       (2.67002889614340231E-007,-6.74824827066721269E-003)
   148.38789300455790       (2.66249438322661549E-007,-6.73872461864055781E-003)
   148.59733251479722       (2.65499172143507766E-007,-6.72922780829712276E-003)
   148.80677202503654       (2.64752073147255448E-007,-6.71975772632597834E-003)
   149.01621153527586       (2.64008123530059203E-007,-6.71031426005293859E-003)
   149.22565104551518       (2.63267305613292477E-007,-6.70089729743633070E-003)
   149.43509055575450       (2.62529601842062602E-007,-6.69150672706235287E-003)
   149.64453006599379       (2.61794994784378212E-007,-6.68214243814077135E-003)
   149.85396957623311       (2.61063467130080610E-007,-6.67280432050060875E-003)
   150.06340908647243       (2.60335001689583166E-007,-6.66349226458572315E-003)
   150.27284859671175       (2.59609581393619541E-007,-6.65420616145057965E-003)
   150.48228810695107       (2.58887189290984224E-007,-6.64494590275600816E-003)
   150.69172761719039       (2.58167808548818777E-007,-6.63571138076499839E-003)
   150.90116712742972       (2.57451422450904585E-007,-6.62650248833848016E-003)
   151.11060663766904       (2.56738014396892432E-007,-6.61731911893117305E-003)
   151.32004614790836       (2.56027567901252227E-007,-6.60816116658760090E-003)
   151.52948565814768       (2.55320066592426345E-007,-6.59902852593784780E-003)
   151.73892516838700       (2.54615494211856545E-007,-6.58992109219361157E-003)
   151.94836467862632       (2.53913834612977799E-007,-6.58083876114423649E-003)
   152.15780418886564       (2.53215071760391165E-007,-6.57178142915259417E-003)
   152.36724369910496       (2.52519189728951588E-007,-6.56274899315132613E-003)
   152.57668320934428       (2.51826172702634195E-007,-6.55374135063877764E-003)
   152.78612271958360       (2.51136004974070334E-007,-6.54475839967521081E-003)
   152.99556222982292       (2.50448670943341668E-007,-6.53580003887891964E-003)
   153.20500174006224       (2.49764155116890777E-007,-6.52686616742246400E-003)
   153.41444125030156       (2.49082442107243551E-007,-6.51795668502881936E-003)
   153.62388076054089       (2.48403516631701631E-007,-6.50907149196770524E-003)
   153.83332027078021       (2.47727363511530739E-007,-6.50021048905177930E-003)
   154.04275978101953       (2.47053967671253357E-007,-6.49137357763298652E-003)
   154.25219929125885       (2.46383314137724557E-007,-6.48256065959895537E-003)
   154.46163880149817       (2.45715388039333991E-007,-6.47377163736924562E-003)
   154.67107831173746       (2.45050174605077863E-007,-6.46500641389187447E-003)
   154.88051782197678       (2.44387659163948268E-007,-6.45626489263965292E-003)
   155.08995733221610       (2.43727827143910664E-007,-6.44754697760670757E-003)
   155.29939684245542       (2.43070664071099461E-007,-6.43885257330488372E-003)
   155.50883635269474       (2.42416155569321600E-007,-6.43018158476034961E-003)
   155.71827586293406       (2.41764287358939002E-007,-6.42153391751009404E-003)
   155.92771537317338       (2.41115045256234299E-007,-6.41290947759852719E-003)
   156.13715488341271       (2.40468415172550090E-007,-6.40430817157401720E-003)
   156.34659439365203       (2.39824383113723335E-007,-6.39572990648557774E-003)
   156.55603390389135       (2.39182935179082148E-007,-6.38717458987947059E-003)
   156.76547341413067       (2.38544057560875218E-007,-6.37864212979593823E-003)
   156.97491292436999       (2.37907736543413442E-007,-6.37013243476588012E-003)
   157.18435243460931       (2.37273958502452471E-007,-6.36164541380756544E-003)
   157.39379194484863       (2.36642709904257104E-007,-6.35318097642344898E-003)
   157.60323145508795       (2.36013977305276717E-007,-6.34473903259684564E-003)
   157.81267096532727       (2.35387747350700411E-007,-6.33631949278892943E-003)
   158.02211047556659       (2.34764006774841645E-007,-6.32792226793531601E-003)
   158.23154998580591       (2.34142742399228120E-007,-6.31954726944316224E-003)
   158.44098949604523       (2.33523941132910658E-007,-6.31119440918790752E-003)
   158.65042900628455       (2.32907589971014749E-007,-6.30286359951022675E-003)
   158.85986851652387       (2.32293675994651217E-007,-6.29455475321295983E-003)
   159.06930802676320       (2.31682186369773275E-007,-6.28626778355807769E-003)
   159.27874753700252       (2.31073108346865486E-007,-6.27800260426366816E-003)
   159.48818704724184       (2.30466429259999213E-007,-6.26975912950088025E-003)
   159.69762655748113       (2.29862136526430514E-007,-6.26153727389106712E-003)
   159.90706606772045       (2.29260217645717802E-007,-6.25333695250277367E-003)
   160.11650557795977       (2.28660660199239695E-007,-6.24515808084876410E-003)
   160.32594508819909       (2.28063451849298910E-007,-6.23700057488320563E-003)
   160.53538459843841       (2.27468580338983904E-007,-6.22886435099878361E-003)
   160.74482410867773       (2.26876033490871806E-007,-6.22074932602378981E-003)
   160.95426361891705       (2.26285799207248294E-007,-6.21265541721929652E-003)
   161.16370312915637       (2.25697865468414329E-007,-6.20458254227640189E-003)
   161.37314263939570       (2.25112220333146146E-007,-6.19653061931342477E-003)
   161.58258214963502       (2.24528851937424175E-007,-6.18849956687308068E-003)
   161.79202165987434       (2.23947748493863857E-007,-6.18048930391978599E-003)
   162.00146117011366       (2.23368898291563451E-007,-6.17249974983688672E-003)
   162.21090068035298       (2.22792289695085285E-007,-6.16453082442404605E-003)
   162.42034019059230       (2.22217911143927739E-007,-6.15658244789448958E-003)
   162.62977970083162       (2.21645751152254908E-007,-6.14865454087229566E-003)
   162.83921921107094       (2.21075798307687625E-007,-6.14074702438989484E-003)
   163.04865872131026       (2.20508041271558149E-007,-6.13285981988532201E-003)
   163.25809823154958       (2.19942468777687474E-007,-6.12499284919968898E-003)
   163.46753774178890       (2.19379069632272886E-007,-6.11714603457454154E-003)
   163.67697725202822       (2.18817832712910409E-007,-6.10931929864932596E-003)
   163.88641676226754       (2.18258746968289394E-007,-6.10151256445892135E-003)
   164.09585627250686       (2.17701801417718049E-007,-6.09372575543095946E-003)
   164.30529578274619       (2.17146985150399783E-007,-6.08595879538347592E-003)
   164.51473529298551       (2.16594287325002514E-007,-6.07821160852233325E-003)
   164.72417480322480       (2.16043697169242224E-007,-6.07048411943877497E-003)
   164.93361431346412       (2.15495203979091029E-007,-6.06277625310700126E-003)
   165.14305382370344       (2.14948797118348482E-007,-6.05508793488175080E-003)
   165.35249333394276       (2.14404466018332375E-007,-6.04741909049582010E-003)
   165.56193284418208       (2.13862200177081340E-007,-6.03976964605774502E-003)
   165.77137235442140       (2.13321989158937761E-007,-6.03213952804942683E-003)
   165.98081186466072       (2.12783822594248429E-007,-6.02452866332370100E-003)
   166.19025137490004       (2.12247690178602743E-007,-6.01693697910212801E-003)
   166.39969088513936       (2.11713581672323695E-007,-6.00936440297252048E-003)
   166.60913039537868       (2.11181486900301638E-007,-6.00181086288678438E-003)
   166.81856990561801       (2.10651395751141619E-007,-5.99427628715852590E-003)
   167.02800941585733       (2.10123298176894788E-007,-5.98676060446083971E-003)
   167.23744892609665       (2.09597184192511345E-007,-5.97926374382405298E-003)
   167.44688843633597       (2.09073043875439897E-007,-5.97178563463353178E-003)
   167.65632794657529       (2.08550867365098060E-007,-5.96432620662732012E-003)
   167.86576745681461       (2.08030644862223369E-007,-5.95688538989411903E-003)
   168.07520696705393       (2.07512366628866446E-007,-5.94946311487100626E-003)
   168.28464647729325       (2.06996022987465752E-007,-5.94205931234125743E-003)
   168.49408598753257       (2.06481604320764894E-007,-5.93467391343224619E-003)
   168.70352549777189       (2.05969101071201463E-007,-5.92730684961326627E-003)
   168.91296500801121       (2.05458503740136024E-007,-5.91995805269348360E-003)
   169.12240451825053       (2.04949802888273329E-007,-5.91262745481970116E-003)
   169.33184402848985       (2.04442989134194860E-007,-5.90531498847439874E-003)
   169.54128353872918       (2.03938053154802911E-007,-5.89802058647362088E-003)
   169.75072304896847       (2.03434985684233685E-007,-5.89074418196487704E-003)
   169.96016255920779       (2.02933777513899198E-007,-5.88348570842517089E-003)
   170.16960206944711       (2.02434419491752398E-007,-5.87624509965888314E-003)
   170.37904157968643       (2.01936902522007035E-007,-5.86902228979586070E-003)
   170.58848108992575       (2.01441217564793870E-007,-5.86181721328934285E-003)
   170.79792060016507       (2.00947355635659710E-007,-5.85462980491402267E-003)
   171.00736011040439       (2.00455307804994999E-007,-5.84745999976405903E-003)
   171.21679962064371       (1.99965065198001921E-007,-5.84030773325112419E-003)
   171.42623913088303       (1.99476618994080882E-007,-5.83317294110246437E-003)
   171.63567864112235       (1.98989960426218665E-007,-5.82605555935897940E-003)
   171.84511815136167       (1.98505080781145472E-007,-5.81895552437332493E-003)
   172.05455766160100       (1.98021971398375608E-007,-5.81187277280797825E-003)
   172.26399717184032       (1.97540623670061127E-007,-5.80480724163339682E-003)
   172.47343668207964       (1.97061029040858718E-007,-5.79775886812614136E-003)
   172.68287619231896       (1.96583179007121557E-007,-5.79072758986696069E-003)
   172.89231570255828       (1.96107065116731908E-007,-5.78371334473906391E-003)
   173.10175521279760       (1.95632678968701804E-007,-5.77671607092615155E-003)
   173.31119472303692       (1.95160012212619086E-007,-5.76973570691072420E-003)
   173.52063423327624       (1.94689056548928538E-007,-5.76277219147222110E-003)
   173.73007374351556       (1.94219803727487748E-007,-5.75582546368523865E-003)
   173.93951325375488       (1.93752245548461393E-007,-5.74889546291773579E-003)
   174.14895276399420       (1.93286373860790540E-007,-5.74198212882932879E-003)
   174.35839227423352       (1.92822180562708520E-007,-5.73508540136945851E-003)
   174.56783178447282       (1.92359657600855801E-007,-5.72820522077569557E-003)
   174.77727129471214       (1.91898796970097694E-007,-5.72134152757205854E-003)
   174.98671080495146       (1.91439590713381730E-007,-5.71449426256720114E-003)
   175.19615031519078       (1.90982030921041457E-007,-5.70766336685276515E-003)
   175.40558982543010       (1.90526109730879789E-007,-5.70084878180175756E-003)
   175.61502933566942       (1.90071819327193304E-007,-5.69405044906671522E-003)
   175.82446884590874       (1.89619151941147933E-007,-5.68726831057820865E-003)
   176.03390835614806       (1.89168099849920382E-007,-5.68050230854304401E-003)
   176.24334786638738       (1.88718655376706233E-007,-5.67375238544276603E-003)
   176.45278737662670       (1.88270810890195051E-007,-5.66701848403187818E-003)
   176.66222688686602       (1.87824558804314125E-007,-5.66030054733632475E-003)
   176.87166639710534       (1.87379891577882752E-007,-5.65359851865184643E-003)
   177.08110590734466       (1.86936801714424746E-007,-5.64691234154244930E-003)
   177.29054541758398       (1.86495281761495554E-007,-5.64024195983868753E-003)
   177.49998492782331       (1.86055324310943325E-007,-5.63358731763623395E-003)
   177.70942443806263       (1.85616921997958011E-007,-5.62694835929421211E-003)
   177.91886394830195       (1.85180067501282859E-007,-5.62032502943371395E-003)
   178.12830345854127       (1.84744753542544940E-007,-5.61371727293624636E-003)
   178.33774296878059       (1.84310972886232169E-007,-5.60712503494217775E-003)
   178.54718247901991       (1.83878718339216748E-007,-5.60054826084918286E-003)
   178.75662198925923       (1.83447982750571224E-007,-5.59398689631085584E-003)
   178.96606149949855       (1.83018759011018236E-007,-5.58744088723513773E-003)
   179.17550100973787       (1.82591040052961380E-007,-5.58091017978282113E-003)
   179.38494051997719       (1.82164818850149650E-007,-5.57439472036606355E-003)
   179.59438003021648       (1.81740088417105638E-007,-5.56789445564698313E-003)
   179.80381954045581       (1.81316841809136919E-007,-5.56140933253615900E-003)
   180.01325905069513       (1.80895072121992679E-007,-5.55493929819120442E-003)
   180.22269856093445       (1.80474772491379192E-007,-5.54848430001530016E-003)
   180.43213807117377       (1.80055936093013178E-007,-5.54204428565578493E-003)
   180.64157758141309       (1.79638556142051173E-007,-5.53561920300281625E-003)
   180.85101709165241       (1.79222625892976311E-007,-5.52920900018779443E-003)
   181.06045660189173       (1.78808138639282969E-007,-5.52281362558214479E-003)
   181.26989611213105       (1.78395087713216752E-007,-5.51643302779583188E-003)
   181.47933562237037       (1.77983466485419133E-007,-5.51006715567599944E-003)
   181.68877513260969       (1.77573268364859539E-007,-5.50371595830562426E-003)
   181.89821464284901       (1.77164486798345044E-007,-5.49737938500214143E-003)
   182.10765415308833       (1.76757115270423599E-007,-5.49105738531609298E-003)
   182.31709366332765       (1.76351147303003027E-007,-5.48474990902979732E-003)
   182.52653317356697       (1.75946576455272087E-007,-5.47845690615601615E-003)
   182.73597268380630       (1.75543396323173992E-007,-5.47217832693670889E-003)
   182.94541219404562       (1.75141600539373692E-007,-5.46591412184151484E-003)
   183.15485170428494       (1.74741182773004400E-007,-5.45966424156668281E-003)
   183.36429121452426       (1.74342136729219456E-007,-5.45342863703366341E-003)
   183.57373072476358       (1.73944456149194794E-007,-5.44720725938783491E-003)
   183.78317023500290       (1.73548134809709178E-007,-5.44100005999724641E-003)
   183.99260974524222       (1.73153166522952327E-007,-5.43480699045128645E-003)
   184.20204925548154       (1.72759545136296188E-007,-5.42862800255957800E-003)
   184.41148876572086       (1.72367264532062689E-007,-5.42246304835052647E-003)
   184.62092827596015       (1.71976318627289644E-007,-5.41631208007023902E-003)
   184.83036778619947       (1.71586701373436564E-007,-5.41017505018121739E-003)
   185.03980729643879       (1.71198406756132825E-007,-5.40405191136116882E-003)
   185.24924680667812       (1.70811428795149662E-007,-5.39794261650167802E-003)
   185.45868631691744       (1.70425761543879697E-007,-5.39184711870724625E-003)
   185.66812582715676       (1.70041399089400250E-007,-5.38576537129380542E-003)
   185.87756533739608       (1.69658335551912580E-007,-5.37969732778773198E-003)
   186.08700484763540       (1.69276565084919260E-007,-5.37364294192454323E-003)
   186.29644435787472       (1.68896081874565841E-007,-5.36760216764778017E-003)
   186.50588386811404       (1.68516880139773050E-007,-5.36157495910782791E-003)
   186.71532337835336       (1.68138954131821527E-007,-5.35556127066082362E-003)
   186.92476288859268       (1.67762298134259764E-007,-5.34956105686727051E-003)
   187.13420239883200       (1.67386906462540253E-007,-5.34357427249122167E-003)
   187.34364190907132       (1.67012773463938248E-007,-5.33760087249891563E-003)
   187.55308141931064       (1.66639893517353137E-007,-5.33164081205770874E-003)
   187.76252092954996       (1.66268261032887256E-007,-5.32569404653492409E-003)
   187.97196043978929       (1.65897870451814626E-007,-5.31976053149688360E-003)
   188.18139995002861       (1.65528716246430791E-007,-5.31384022270756356E-003)
   188.39083946026793       (1.65160792919704158E-007,-5.30793307612768741E-003)
   188.60027897050725       (1.64794095005081020E-007,-5.30203904791354177E-003)
   188.80971848074657       (1.64428617066350086E-007,-5.29615809441591912E-003)
   189.01915799098589       (1.64064353697476300E-007,-5.29029017217904664E-003)
   189.22859750122521       (1.63701299522216608E-007,-5.28443523793953925E-003)
   189.43803701146453       (1.63339449194099630E-007,-5.27859324862521052E-003)
   189.64747652170382       (1.62978797396301541E-007,-5.27276416135424517E-003)
   189.85691603194314       (1.62619338841102701E-007,-5.26694793343390234E-003)
   190.06635554218246       (1.62261068270060634E-007,-5.26114452235959453E-003)
   190.27579505242178       (1.61903980453584448E-007,-5.25535388581391694E-003)
   190.48523456266111       (1.61548070190895922E-007,-5.24957598166550781E-003)
   190.69467407290043       (1.61193332309735775E-007,-5.24381076796804745E-003)
   190.90411358313975       (1.60839761666220327E-007,-5.23805820295930244E-003)
   191.11355309337907       (1.60487353144663337E-007,-5.23231824506001364E-003)
   191.32299260361839       (1.60136101657338749E-007,-5.22659085287304707E-003)
   191.53243211385771       (1.59786002144451893E-007,-5.22087598518220734E-003)
   191.74187162409703       (1.59437049573638895E-007,-5.21517360095143101E-003)
   191.95131113433635       (1.59089238940162995E-007,-5.20948365932369720E-003)
   192.16075064457567       (1.58742565266445481E-007,-5.20380611962007692E-003)
   192.37019015481499       (1.58397023602060897E-007,-5.19814094133874433E-003)
   192.57962966505431       (1.58052609023529838E-007,-5.19248808415406250E-003)
   192.78906917529363       (1.57709316634039056E-007,-5.18684750791560418E-003)
   192.99850868553295       (1.57367141563335558E-007,-5.18121917264718988E-003)
   193.20794819577227       (1.57026078967609686E-007,-5.17560303854593725E-003)
   193.41738770601160       (1.56686124029249587E-007,-5.16999906598135384E-003)
   193.62682721625092       (1.56347271956777812E-007,-5.16440721549437341E-003)
   193.83626672649024       (1.56009517984444906E-007,-5.15882744779646001E-003)
   194.04570623672956       (1.55672857372351612E-007,-5.15325972376865903E-003)
   194.25514574696888       (1.55337285406041507E-007,-5.14770400446068997E-003)
   194.46458525720820       (1.55002797396628875E-007,-5.14216025109007126E-003)
   194.67402476744749       (1.54669388680144585E-007,-5.13662842504113842E-003)
   194.88346427768681       (1.54337054617934012E-007,-5.13110848786426776E-003)
   195.09290378792613       (1.54005790596177088E-007,-5.12560040127486502E-003)
   195.30234329816545       (1.53675592025718072E-007,-5.12010412715257612E-003)
   195.51178280840477       (1.53346454342069102E-007,-5.11461962754030264E-003)
   195.72122231864410       (1.53018373005071905E-007,-5.10914686464348546E-003)
   195.93066182888342       (1.52691343498901798E-007,-5.10368580082902652E-003)
   196.14010133912274       (1.52365361331805980E-007,-5.09823639862462714E-003)
   196.34954084936206       (1.52040422036032834E-007,-5.09279862071781216E-003)
   196.55898035960138       (1.51716521167572966E-007,-5.08737242995513372E-003)
   196.76841986984070       (1.51393654306047510E-007,-5.08195778934129871E-003)
   196.97785938008002       (1.51071817054739467E-007,-5.07655466203828232E-003)
   197.18729889031934       (1.50751005039995588E-007,-5.07116301136460897E-003)
   197.39673840055866       (1.50431213911552331E-007,-5.06578280079441126E-003)
   197.60617791079798       (1.50112439342239525E-007,-5.06041399395670225E-003)
   197.81561742103730       (1.49794677027708504E-007,-5.05505655463443521E-003)
   198.02505693127662       (1.49477922686335966E-007,-5.04971044676381670E-003)
   198.23449644151594       (1.49162172059139428E-007,-5.04437563443341577E-003)
   198.44393595175526       (1.48847420909648585E-007,-5.03905208188336427E-003)
   198.65337546199459       (1.48533665023673063E-007,-5.03373975350459787E-003)
   198.86281497223391       (1.48220900209292387E-007,-5.02843861383807725E-003)
   199.07225448247323       (1.47909122296526538E-007,-5.02314862757386599E-003)
   199.28169399271255       (1.47598327137406761E-007,-5.01786975955055559E-003)
   199.49113350295187       (1.47288510605648131E-007,-5.01260197475430005E-003)
   199.70057301319116       (1.46979668596645346E-007,-5.00734523831813244E-003)
   199.91001252343048       (1.46671797027260733E-007,-5.00209951552121369E-003)
   200.11945203366980       (1.46364891835800631E-007,-4.99686477178797744E-003)
   200.32889154390912       (1.46058948981727274E-007,-4.99164097268747775E-003)
   200.53833105414844       (1.45753964445576359E-007,-4.98642808393253562E-003)
   200.74777056438776       (1.45449934228926715E-007,-4.98122607137907285E-003)
   200.95721007462708       (1.45146854354155906E-007,-4.97603490102537308E-003)
   201.16664958486641       (1.44844720864267859E-007,-4.97085453901117968E-003)
   201.37608909510573       (1.44543529823037363E-007,-4.96568495161718755E-003)
   201.58552860534505       (1.44243277314471757E-007,-4.96052610526413838E-003)
   201.79496811558437       (1.43943959442999970E-007,-4.95537796651221354E-003)
   202.00440762582369       (1.43645572333259816E-007,-4.95024050206021009E-003)
   202.21384713606301       (1.43348112129901267E-007,-4.94511367874487379E-003)
   202.42328664630233       (1.43051574997593893E-007,-4.93999746354022943E-003)
   202.63272615654165       (1.42755957120694056E-007,-4.93489182355675519E-003)
   202.84216566678097       (1.42461254703374322E-007,-4.92979672604079017E-003)
   203.05160517702029       (1.42167463969337216E-007,-4.92471213837377374E-003)
   203.26104468725961       (1.41874581161737375E-007,-4.91963802807155685E-003)
   203.47048419749893       (1.41582602543082629E-007,-4.91457436278376798E-003)
   203.67992370773825       (1.41291524395027195E-007,-4.90952111029302214E-003)
   203.88936321797758       (1.41001343018452725E-007,-4.90447823851429023E-003)
   204.09880272821690       (1.40712054733061230E-007,-4.89944571549426854E-003)
   204.30824223845622       (1.40423655877488288E-007,-4.89442350941061456E-003)
   204.51768174869551       (1.40136142809190523E-007,-4.88941158857137716E-003)
   204.72712125893483       (1.39849511904105046E-007,-4.88440992141416820E-003)
   204.93656076917415       (1.39563759556801969E-007,-4.87941847650573933E-003)
   205.14600027941347       (1.39278882180175483E-007,-4.87443722254107467E-003)
   205.35543978965279       (1.38994876205478422E-007,-4.86946612834290773E-003)
   205.56487929989211       (1.38711738082075859E-007,-4.86450516286100667E-003)
   205.77431881013143       (1.38429464277480043E-007,-4.85955429517149085E-003)
   205.98375832037075       (1.38148051277024111E-007,-4.85461349447632688E-003)
   206.19319783061007       (1.37867495584105154E-007,-4.84968273010247773E-003)
   206.40263734084940       (1.37587793719647706E-007,-4.84476197150148641E-003)
   206.61207685108872       (1.37308942222295727E-007,-4.83985118824869966E-003)
   206.82151636132804       (1.37030937648186180E-007,-4.83495035004266865E-003)
   207.03095587156736       (1.36753776570925422E-007,-4.83005942670458772E-003)
   207.24039538180668       (1.36477455581394516E-007,-4.82517838817760839E-003)
   207.44983489204600       (1.36201971287710667E-007,-4.82030720452621738E-003)
   207.65927440228532       (1.35927320315010090E-007,-4.81544584593572491E-003)
   207.86871391252464       (1.35653499305571147E-007,-4.81059428271147713E-003)
   208.07815342276396       (1.35380504918419151E-007,-4.80575248527848834E-003)
   208.28759293300328       (1.35108333829490483E-007,-4.80092042418058928E-003)
   208.49703244324260       (1.34836982731359156E-007,-4.79609807008003503E-003)
   208.70647195348192       (1.34566448333196132E-007,-4.79128539375678949E-003)
   208.91591146372124       (1.34296727360626677E-007,-4.78648236610798583E-003)
   209.12535097396056       (1.34027816555763736E-007,-4.78168895814733326E-003)
   209.33479048419989       (1.33759712676904886E-007,-4.77690514100448903E-003)
   209.54422999443918       (1.33492412498716615E-007,-4.77213088592458746E-003)
   209.75366950467850       (1.33225912811732376E-007,-4.76736616426752871E-003)
   209.96310901491782       (1.32960210422690658E-007,-4.76261094750749653E-003)
   210.17254852515714       (1.32695302154165365E-007,-4.75786520723236236E-003)
   210.38198803539646       (1.32431184844425180E-007,-4.75312891514315713E-003)
   210.59142754563578       (1.32167855347726135E-007,-4.74840204305338777E-003)
   210.80086705587510       (1.31905310533702280E-007,-4.74368456288867292E-003)
   211.01030656611442       (1.31643547287582067E-007,-4.73897644668599093E-003)
   211.21974607635374       (1.31382562510175255E-007,-4.73427766659326003E-003)
   211.42918558659306       (1.31122353117480119E-007,-4.72958819486868874E-003)
   211.63862509683238       (1.30862916040788936E-007,-4.72490800388037681E-003)
   211.84806460707171       (1.30604248226582421E-007,-4.72023706610560142E-003)
   212.05750411731103       (1.30346346636411831E-007,-4.71557535413039044E-003)
   212.26694362755035       (1.30089208246756799E-007,-4.71092284064894735E-003)
   212.47638313778967       (1.29832830049190102E-007,-4.70627949846310484E-003)
   212.68582264802899       (1.29577209049885251E-007,-4.70164530048185463E-003)
   212.89526215826831       (1.29322342269760083E-007,-4.69702021972072566E-003)
   213.10470166850763       (1.29068226744481160E-007,-4.69240422930138415E-003)
   213.31414117874695       (1.28814859524215030E-007,-4.68779730245098662E-003)
   213.52358068898627       (1.28562237673628226E-007,-4.68319941250168806E-003)
   213.73302019922559       (1.28310358271604917E-007,-4.67861053289023339E-003)
   213.94245970946491       (1.28059218411489445E-007,-4.67403063715738851E-003)
   214.15189921970423       (1.27808815200867610E-007,-4.66945969894732096E-003)
   214.36133872994355       (1.27559145761299456E-007,-4.66489769200723742E-003)
   214.57077824018285       (1.27310207228486240E-007,-4.66034459018683025E-003)
