           1   7.6659894107283426E-003
           2   9.8594950878721685E-004
           3   5.1479182728777486E-004
           4   9.3133165035489828E-004
           5   3.6784053457838663E-004
    -0.0840715296    -0.0000712869   -11.8946245691     0.0100858281
    -0.0842389435    -0.0000715735   -11.8709855101     0.0100861695
    -0.0844070313    -0.0000718619   -11.8473456486     0.0100865130
    -0.0845757970    -0.0000721520   -11.8237049796     0.0100868585
    -0.0847452448    -0.0000724439   -11.8000634984     0.0100872061
    -0.0849153787    -0.0000727376   -11.7764211999     0.0100875558
    -0.0850862032    -0.0000730331   -11.7527780793     0.0100879077
    -0.0852577223    -0.0000733304   -11.7291341316     0.0100882617
    -0.0854299404    -0.0000736296   -11.7054893517     0.0100886178
    -0.0856028617    -0.0000739306   -11.6818437346     0.0100889761
    -0.0857764908    -0.0000742334   -11.6581972750     0.0100893366
    -0.0859508318    -0.0000745382   -11.6345499680     0.0100896994
    -0.0861258894    -0.0000748448   -11.6109018082     0.0100900643
    -0.0863016679    -0.0000751534   -11.5872527905     0.0100904315
    -0.0864781718    -0.0000754639   -11.5636029094     0.0100908010
    -0.0866554056    -0.0000757763   -11.5399521598     0.0100911727
    -0.0868333740    -0.0000760907   -11.5163005362     0.0100915468
    -0.0870120816    -0.0000764070   -11.4926480333     0.0100919231
    -0.0871915330    -0.0000767254   -11.4689946454     0.0100923018
    -0.0873717330    -0.0000770458   -11.4453403672     0.0100926829
    -0.0875526862    -0.0000773682   -11.4216851931     0.0100930664
    -0.0877343974    -0.0000776926   -11.3980291174     0.0100934522
    -0.0879168714    -0.0000780192   -11.3743721345     0.0100938405
    -0.0881001132    -0.0000783477   -11.3507142388     0.0100942312
    -0.0882841275    -0.0000786784   -11.3270554244     0.0100946244
    -0.0884689194    -0.0000790113   -11.3033956855     0.0100950201
    -0.0886544939    -0.0000793462   -11.2797350164     0.0100954183
    -0.0888408559    -0.0000796833   -11.2560734112     0.0100958190
    -0.0890280105    -0.0000800226   -11.2324108638     0.0100962222
    -0.0892159628    -0.0000803641   -11.2087473682     0.0100966280
    -0.0894047181    -0.0000807077   -11.1850829185     0.0100970364
    -0.0895942814    -0.0000810536   -11.1614175086     0.0100974475
    -0.0897846582    -0.0000814018   -11.1377511322     0.0100978611
    -0.0899758535    -0.0000817522   -11.1140837832     0.0100982775
    -0.0901678729    -0.0000821049   -11.0904154553     0.0100986965
    -0.0903607216    -0.0000824600   -11.0667461422     0.0100991182
    -0.0905544052    -0.0000828173   -11.0430758375     0.0100995426
    -0.0907489290    -0.0000831770   -11.0194045349     0.0100999698
    -0.0909442987    -0.0000835391   -10.9957322277     0.0101003998
    -0.0911405198    -0.0000839036   -10.9720589096     0.0101008325
    -0.0913375980    -0.0000842705   -10.9483845738     0.0101012681
    -0.0915355389    -0.0000846398   -10.9247092138     0.0101017066
    -0.0917343482    -0.0000850116   -10.9010328228     0.0101021479
    -0.0919340319    -0.0000853858   -10.8773553940     0.0101025921
    -0.0921345956    -0.0000857626   -10.8536769207     0.0101030393
    -0.0923360453    -0.0000861419   -10.8299973960     0.0101034894
    -0.0925383869    -0.0000865237   -10.8063168128     0.0101039425
    -0.0927416264    -0.0000869081   -10.7826351642     0.0101043986
    -0.0929457699    -0.0000872951   -10.7589524431     0.0101048577
    -0.0931508234    -0.0000876847   -10.7352686423     0.0101053199
    -0.0933567932    -0.0000880770   -10.7115837547     0.0101057851
    -0.0935636855    -0.0000884719   -10.6878977730     0.0101062535
    -0.0937715065    -0.0000888695   -10.6642106898     0.0101067250
    -0.0939802625    -0.0000892698   -10.6405224978     0.0101071997
    -0.0941899600    -0.0000896729   -10.6168331895     0.0101076776
    -0.0944006054    -0.0000900787   -10.5931427573     0.0101081588
    -0.0946122052    -0.0000904873   -10.5694511937     0.0101086432
    -0.0948247660    -0.0000908987   -10.5457584909     0.0101091308
    -0.0950382944    -0.0000913130   -10.5220646412     0.0101096218
    -0.0952527971    -0.0000917301   -10.4983696369     0.0101101162
    -0.0954682808    -0.0000921502   -10.4746734700     0.0101106139
    -0.0956847524    -0.0000925731   -10.4509761326     0.0101111150
    -0.0959022188    -0.0000929990   -10.4272776166     0.0101116196
    -0.0961206869    -0.0000934279   -10.4035779139     0.0101121277
    -0.0963401637    -0.0000938598   -10.3798770164     0.0101126392
    -0.0965606563    -0.0000942947   -10.3561749157     0.0101131543
    -0.0967821718    -0.0000947327   -10.3324716037     0.0101136730
    -0.0970047175    -0.0000951738   -10.3087670717     0.0101141953
    -0.0972283006    -0.0000956180   -10.2850613114     0.0101147212
    -0.0974529285    -0.0000960654   -10.2613543142     0.0101152508
    -0.0976786086    -0.0000965159   -10.2376460715     0.0101157841
    -0.0979053484    -0.0000969697   -10.2139365744     0.0101163211
    -0.0981331555    -0.0000974267   -10.1902258142     0.0101168620
    -0.0983620375    -0.0000978869   -10.1665137820     0.0101174066
    -0.0985920021    -0.0000983505   -10.1428004688     0.0101179551
    -0.0988230571    -0.0000988174   -10.1190858655     0.0101185075
    -0.0990552104    -0.0000992877   -10.0953699630     0.0101190638
    -0.0992884698    -0.0000997614   -10.0716527520     0.0101196241
    -0.0995228435    -0.0001002385   -10.0479342232     0.0101201883
    -0.0997583396    -0.0001007191   -10.0242143672     0.0101207566
    -0.0999949661    -0.0001012032   -10.0004931744     0.0101213290
    -0.1002327313    -0.0001016908    -9.9767706353     0.0101219055
    -0.1004716437    -0.0001021821    -9.9530467402     0.0101224862
    -0.1007117115    -0.0001026769    -9.9293214792     0.0101230711
    -0.1009529434    -0.0001031754    -9.9055948425     0.0101236602
    -0.1011953479    -0.0001036775    -9.8818668200     0.0101242536
    -0.1014389336    -0.0001041834    -9.8581374018     0.0101248513
    -0.1016837093    -0.0001046930    -9.8344065776     0.0101254533
    -0.1019296840    -0.0001052064    -9.8106743371     0.0101260598
    -0.1021768664    -0.0001057237    -9.7869406700     0.0101266708
    -0.1024252657    -0.0001062448    -9.7632055657     0.0101272862
    -0.1026748909    -0.0001067699    -9.7394690137     0.0101279062
    -0.1029257513    -0.0001072988    -9.7157310033     0.0101285307
    -0.1031778562    -0.0001078318    -9.6919915237     0.0101291599
    -0.1034312149    -0.0001083688    -9.6682505640     0.0101297938
    -0.1036858371    -0.0001089099    -9.6445081130     0.0101304324
    -0.1039417321    -0.0001094551    -9.6207641598     0.0101310757
    -0.1041989098    -0.0001100044    -9.5970186931     0.0101317239
    -0.1044573800    -0.0001105580    -9.5732717015     0.0101323770
    -0.1047171525    -0.0001111158    -9.5495231735     0.0101330350
    -0.1049782373    -0.0001116778    -9.5257730976     0.0101336979
    -0.1052406445    -0.0001122442    -9.5020214620     0.0101343659
    -0.1055043843    -0.0001128150    -9.4782682549     0.0101350389
    -0.1057694671    -0.0001133902    -9.4545134644     0.0101357171
    -0.1060359032    -0.0001139699    -9.4307570784     0.0101364005
    -0.1063037032    -0.0001145541    -9.4069990846     0.0101370890
    -0.1065728777    -0.0001151428    -9.3832394709     0.0101377829
    -0.1068434375    -0.0001157362    -9.3594782247     0.0101384821
    -0.1071153934    -0.0001163342    -9.3357153334     0.0101391867
    -0.1073887564    -0.0001169369    -9.3119507843     0.0101398967
    -0.1076635376    -0.0001175444    -9.2881845647     0.0101406123
    -0.1079397482    -0.0001181567    -9.2644166614     0.0101413334
    -0.1082173996    -0.0001187739    -9.2406470615     0.0101420602
    -0.1084965031    -0.0001193959    -9.2168757516     0.0101427926
    -0.1087770705    -0.0001200230    -9.1931027184     0.0101435308
    -0.1090591133    -0.0001206550    -9.1693279482     0.0101442747
    -0.1093426435    -0.0001212922    -9.1455514276     0.0101450246
    -0.1096276730    -0.0001219344    -9.1217731425     0.0101457804
    -0.1099142138    -0.0001225819    -9.0979930791     0.0101465421
    -0.1102022782    -0.0001232346    -9.0742112233     0.0101473100
    -0.1104918785    -0.0001238926    -9.0504275606     0.0101480839
    -0.1107830273    -0.0001245559    -9.0266420768     0.0101488641
    -0.1110757372    -0.0001252247    -9.0028547573     0.0101496504
    -0.1113700209    -0.0001258990    -8.9790655872     0.0101504432
    -0.1116658913    -0.0001265788    -8.9552745518     0.0101512423
    -0.1119633616    -0.0001272641    -8.9314816359     0.0101520478
    -0.1122624449    -0.0001279552    -8.9076868243     0.0101528599
    -0.1125631545    -0.0001286520    -8.8838901016     0.0101536787
    -0.1128655039    -0.0001293546    -8.8600914523     0.0101545040
    -0.1131695069    -0.0001300630    -8.8362908605     0.0101553362
    -0.1134751771    -0.0001307773    -8.8124883105     0.0101561752
    -0.1137825286    -0.0001314977    -8.7886837861     0.0101570210
    -0.1140915755    -0.0001322241    -8.7648772710     0.0101578739
    -0.1144023320    -0.0001329566    -8.7410687488     0.0101587338
    -0.1147148127    -0.0001336953    -8.7172582029     0.0101596008
    -0.1150290320    -0.0001344403    -8.6934456164     0.0101604751
    -0.1153450048    -0.0001351917    -8.6696309723     0.0101613566
    -0.1156627461    -0.0001359494    -8.6458142535     0.0101622456
    -0.1159822708    -0.0001367136    -8.6219954426     0.0101631420
    -0.1163035945    -0.0001374844    -8.5981745218     0.0101640459
    -0.1166267324    -0.0001382619    -8.5743514735     0.0101649575
    -0.1169517003    -0.0001390460    -8.5505262797     0.0101658768
    -0.1172785139    -0.0001398370    -8.5266989221     0.0101668039
    -0.1176071894    -0.0001406348    -8.5028693823     0.0101677390
    -0.1179377429    -0.0001414396    -8.4790376417     0.0101686820
    -0.1182701909    -0.0001422514    -8.4552036815     0.0101696331
    -0.1186045499    -0.0001430703    -8.4313674825     0.0101705924
    -0.1189408366    -0.0001438965    -8.4075290256     0.0101715599
    -0.1192790682    -0.0001447299    -8.3836882912     0.0101725359
    -0.1196192618    -0.0001455708    -8.3598452595     0.0101735203
    -0.1199614349    -0.0001464191    -8.3359999106     0.0101745133
    -0.1203056049    -0.0001472749    -8.3121522243     0.0101755149
    -0.1206517898    -0.0001481384    -8.2883021801     0.0101765253
    -0.1210000076    -0.0001490097    -8.2644497574     0.0101775446
    -0.1213502766    -0.0001498888    -8.2405949351     0.0101785729
    -0.1217026152    -0.0001507758    -8.2167376922     0.0101796103
    -0.1220570421    -0.0001516709    -8.1928780072     0.0101806569
    -0.1224135764    -0.0001525741    -8.1690158583     0.0101817128
    -0.1227722371    -0.0001534855    -8.1451512237     0.0101827782
    -0.1231330437    -0.0001544052    -8.1212840810     0.0101838530
    -0.1234960158    -0.0001553334    -8.0974144078     0.0101849376
    -0.1238611734    -0.0001562702    -8.0735421813     0.0101860319
    -0.1242285366    -0.0001572156    -8.0496673785     0.0101871361
    -0.1245981257    -0.0001581697    -8.0257899761     0.0101882503
    -0.1249699615    -0.0001591327    -8.0019099503     0.0101893746
    -0.1253440649    -0.0001601047    -7.9780272773     0.0101905093
    -0.1257204569    -0.0001610858    -7.9541419329     0.0101916543
    -0.1260991592    -0.0001620761    -7.9302538926     0.0101928098
    -0.1264801934    -0.0001630757    -7.9063631315     0.0101939760
    -0.1268635814    -0.0001640848    -7.8824696246     0.0101951530
    -0.1272493457    -0.0001651035    -7.8585733463     0.0101963409
    -0.1276375088    -0.0001661318    -7.8346742709     0.0101975399
    -0.1280280934    -0.0001671700    -7.8107723723     0.0101987501
    -0.1284211229    -0.0001682181    -7.7868676241     0.0101999716
    -0.1288166206    -0.0001692762    -7.7629599996     0.0102012047
    -0.1292146104    -0.0001703446    -7.7390494715     0.0102024493
    -0.1296151162    -0.0001714234    -7.7151360125     0.0102037058
    -0.1300181626    -0.0001725126    -7.6912195948     0.0102049742
    -0.1304237741    -0.0001736124    -7.6673001901     0.0102062547
    -0.1308319759    -0.0001747230    -7.6433777700     0.0102075474
    -0.1312427934    -0.0001758444    -7.6194523055     0.0102088526
    -0.1316562522    -0.0001769770    -7.5955237674     0.0102101703
    -0.1320723785    -0.0001781207    -7.5715921260     0.0102115008
    -0.1324911986    -0.0001792758    -7.5476573512     0.0102128441
    -0.1329127393    -0.0001804423    -7.5237194126     0.0102142006
    -0.1333370278    -0.0001816205    -7.4997782793     0.0102155703
    -0.1337640915    -0.0001828106    -7.4758339200     0.0102169535
    -0.1341939583    -0.0001840126    -7.4518863031     0.0102183502
    -0.1346266565    -0.0001852267    -7.4279353964     0.0102197608
    -0.1350622147    -0.0001864532    -7.4039811674     0.0102211853
    -0.1355006620    -0.0001876921    -7.3800235831     0.0102226241
    -0.1359420279    -0.0001889437    -7.3560626100     0.0102240771
    -0.1363863421    -0.0001902081    -7.3320982143     0.0102255448
    -0.1368336349    -0.0001914855    -7.3081303616     0.0102270272
    -0.1372839371    -0.0001927761    -7.2841590171     0.0102285245
    -0.1377372797    -0.0001940801    -7.2601841454     0.0102300371
    -0.1381936944    -0.0001953977    -7.2362057108     0.0102315650
    -0.1386532132    -0.0001967290    -7.2122236769     0.0102331085
    -0.1391158684    -0.0001980742    -7.1882380070     0.0102346678
    -0.1395816931    -0.0001994336    -7.1642486637     0.0102362431
    -0.1400507207    -0.0002008074    -7.1402556092     0.0102378348
    -0.1405229850    -0.0002021957    -7.1162588051     0.0102394429
    -0.1409985205    -0.0002035988    -7.0922582125     0.0102410677
    -0.1414773620    -0.0002050169    -7.0682537919     0.0102427095
    -0.1419595448    -0.0002064502    -7.0442455033     0.0102443685
    -0.1424451049    -0.0002078989    -7.0202333060     0.0102460449
    -0.1429340788    -0.0002093633    -6.9962171588     0.0102477391
    -0.1434265033    -0.0002108436    -6.9721970200     0.0102494512
    -0.1439224160    -0.0002123400    -6.9481728471     0.0102511816
    -0.1444218551    -0.0002138527    -6.9241445970     0.0102529304
    -0.1449248590    -0.0002153821    -6.9001122263     0.0102546981
    -0.1454314670    -0.0002169283    -6.8760756904     0.0102564847
    -0.1459417190    -0.0002184917    -6.8520349446     0.0102582907
    -0.1464556554    -0.0002200724    -6.8279899431     0.0102601163
    -0.1469733171    -0.0002216707    -6.8039406396     0.0102619618
    -0.1474947459    -0.0002232870    -6.7798869872     0.0102638275
    -0.1480199840    -0.0002249214    -6.7558289381     0.0102657137
    -0.1485490743    -0.0002265743    -6.7317664439     0.0102676207
    -0.1490820605    -0.0002282460    -6.7076994554     0.0102695489
    -0.1496189868    -0.0002299367    -6.6836279228     0.0102714985
    -0.1501598983    -0.0002316467    -6.6595517953     0.0102734699
    -0.1507048405    -0.0002333764    -6.6354710214     0.0102754635
    -0.1512538599    -0.0002351260    -6.6113855490     0.0102774795
    -0.1518070036    -0.0002368958    -6.5872953250     0.0102795183
    -0.1523643194    -0.0002386863    -6.5632002953     0.0102815803
    -0.1529258560    -0.0002404977    -6.5391004054     0.0102836659
    -0.1534916628    -0.0002423303    -6.5149955996     0.0102857754
    -0.1540617899    -0.0002441845    -6.4908858214     0.0102879091
    -0.1546362885    -0.0002460606    -6.4667710133     0.0102900676
    -0.1552152103    -0.0002479591    -6.4426511172     0.0102922511
    -0.1557986080    -0.0002498802    -6.4185260738     0.0102944601
    -0.1563865351    -0.0002518243    -6.3943958229     0.0102966949
    -0.1569790462    -0.0002537919    -6.3702603032     0.0102989561
    -0.1575761964    -0.0002557832    -6.3461194526     0.0103012441
    -0.1581780420    -0.0002577988    -6.3219732080     0.0103035592
    -0.1587846403    -0.0002598389    -6.2978215051     0.0103059020
    -0.1593960492    -0.0002619040    -6.2736642785     0.0103082728
    -0.1600123280    -0.0002639946    -6.2495014619     0.0103106723
    -0.1606335368    -0.0002661110    -6.2253329879     0.0103131007
    -0.1612597366    -0.0002682538    -6.2011587877     0.0103155587
    -0.1618909897    -0.0002704233    -6.1769787915     0.0103180467
    -0.1625273592    -0.0002726200    -6.1527929285     0.0103205653
    -0.1631689095    -0.0002748444    -6.1286011264     0.0103231149
    -0.1638157061    -0.0002770969    -6.1044033116     0.0103256961
    -0.1644678155    -0.0002793781    -6.0801994097     0.0103283095
    -0.1651253054    -0.0002816884    -6.0559893445     0.0103309556
    -0.1657882448    -0.0002840285    -6.0317730386     0.0103336350
    -0.1664567038    -0.0002863987    -6.0075504135     0.0103363483
    -0.1671307538    -0.0002887996    -5.9833213890     0.0103390960
    -0.1678104675    -0.0002912318    -5.9590858835     0.0103418788
    -0.1684959189    -0.0002936959    -5.9348438142     0.0103446974
    -0.1691871832    -0.0002961924    -5.9105950966     0.0103475523
    -0.1698843370    -0.0002987219    -5.8863396445     0.0103504442
    -0.1705874586    -0.0003012850    -5.8620773706     0.0103533738
    -0.1712966273    -0.0003038823    -5.8378081856     0.0103563419
    -0.1720119241    -0.0003065144    -5.8135319987     0.0103593490
    -0.1727334314    -0.0003091821    -5.7892487174     0.0103623960
    -0.1734612332    -0.0003118860    -5.7649582474     0.0103654835
    -0.1741954151    -0.0003146266    -5.7406604928     0.0103686124
    -0.1749360643    -0.0003174049    -5.7163553558     0.0103717835
    -0.1756832694    -0.0003202213    -5.6920427365     0.0103749974
    -0.1764371211    -0.0003230768    -5.6677225335     0.0103782552
    -0.1771977115    -0.0003259719    -5.6433946432     0.0103815575
    -0.1779651346    -0.0003289076    -5.6190589599     0.0103849054
    -0.1787394863    -0.0003318845    -5.5947153761     0.0103882996
    -0.1795208642    -0.0003349035    -5.5703637819     0.0103917412
    -0.1803093678    -0.0003379654    -5.5460040654     0.0103952309
    -0.1811050987    -0.0003410711    -5.5216361124     0.0103987699
    -0.1819081605    -0.0003442213    -5.4972598064     0.0104023592
    -0.1827186588    -0.0003474171    -5.4728750284     0.0104059996
    -0.1835367012    -0.0003506593    -5.4484816573     0.0104096925
    -0.1843623976    -0.0003539488    -5.4240795690     0.0104134385
    -0.1851958602    -0.0003572867    -5.3996686372     0.0104172395
    -0.1860372033    -0.0003606738    -5.3752487335     0.0104210960
    -0.1868865436    -0.0003641113    -5.3508197254     0.0104250086
    -0.1877440004    -0.0003676001    -5.3263814779     0.0104289796
    -0.1886096951    -0.0003711413    -5.3019338540     0.0104330100
    -0.1894837520    -0.0003747361    -5.2774767132     0.0104371011
    -0.1903662978    -0.0003783855    -5.2530099121     0.0104412543
    -0.1912574619    -0.0003820907    -5.2285333036     0.0104454704
    -0.1921573764    -0.0003858530    -5.2040467377     0.0104497514
    -0.1930661765    -0.0003896734    -5.1795500609     0.0104540987
    -0.1939840000    -0.0003935533    -5.1550431164     0.0104585137
    -0.1949109879    -0.0003974940    -5.1305257436     0.0104629981
    -0.1958472841    -0.0004014968    -5.1059977778     0.0104675534
    -0.1967930358    -0.0004055631    -5.0814590510     0.0104721814
    -0.1977483934    -0.0004096943    -5.0569093907     0.0104768840
    -0.1987135108    -0.0004138918    -5.0323486200     0.0104816629
    -0.1996885451    -0.0004181572    -5.0077765571     0.0104865207
    -0.2006736573    -0.0004224923    -4.9831930150     0.0104914645
    -0.2016690114    -0.0004268980    -4.9585978151     0.0104964843
    -0.2026747770    -0.0004313769    -4.9339907256     0.0105016002
    -0.2036911254    -0.0004359326    -4.9093715676     0.0105068643
    -0.2047182195    -0.0004405663    -4.8847404548     0.0105122631
    -0.2057562662    -0.0004452652    -4.8600965376     0.0105174531
    -0.2068054353    -0.0004500527    -4.8354399510     0.0105229468
    -0.2078659165    -0.0004549193    -4.8107704585     0.0105284804
    -0.2089379081    -0.0004598750    -4.7860877177     0.0105342395
    -0.2100215777    -0.0004649456    -4.7613921857     0.0105407671
    -0.2111171607    -0.0004700359    -4.7366828904     0.0105458556
    -0.2122248761    -0.0004752449    -4.7119593326     0.0105517066
    -0.2133449163    -0.0004805502    -4.6872217249     0.0105577634
    -0.2144775022    -0.0004859511    -4.6624697521     0.0105639620
    -0.2156228587    -0.0004914522    -4.6377031222     0.0105703508
    -0.2167812065    -0.0004970611    -4.6129217515     0.0105770421
    -0.2179527959    -0.0005027495    -4.5881250351     0.0105833808
    -0.2191378644    -0.0005085570    -4.5633127660     0.0105901575
    -0.2203366830    -0.0005144872    -4.5384841691     0.0105973819
    -0.2215493437    -0.0005206249    -4.5136422496     0.0106067323
    -0.2227763394    -0.0005266285    -4.4887819537     0.0106111827
    -0.2240178803    -0.0005328630    -4.4639041341     0.0106181235
    -0.2252741954    -0.0005392292    -4.4390093978     0.0106254667
    -0.2265455800    -0.0005457252    -4.4140971417     0.0106331105
    -0.2278323041    -0.0005523965    -4.3891673989     0.0106418654
    -0.2291346601    -0.0005590930    -4.3642199125     0.0106487811
    -0.2304530367    -0.0005659732    -4.3392527301     0.0106568375
    -0.2317876647    -0.0005729907    -4.3142670694     0.0106650838
    -0.2331389339    -0.0005801458    -4.2892613048     0.0106734509
    -0.2345071471    -0.0005874621    -4.2642355975     0.0106823054
    -0.2358926672    -0.0005949180    -4.2391891686     0.0106911758
    -0.2372958640    -0.0006026076    -4.2141212844     0.0107016685
    -0.2387169457    -0.0006103874    -4.1890342513     0.0107111530
    -0.2401566044    -0.0006183399    -4.1639220096     0.0107210000
    -0.2416146616    -0.0006266975    -4.1387938374     0.0107351594
    -0.2430923305    -0.0006346992    -4.1136352641     0.0107404495
    -0.2445896842    -0.0006431726    -4.0884515989     0.0107509859
    -0.2461072701    -0.0006520080    -4.0632403139     0.0107646761
    -0.2476450985    -0.0006623811    -4.0380078266     0.0108005375
    -0.2492016407    -0.0006716672    -4.0127855210     0.0108155650
    -0.2507818099    -0.0006792228    -3.9875007872     0.0107998325
    -0.2523843557    -0.0006885114    -3.9621812333     0.0108089391
    -0.2540090739    -0.0006983938    -3.9368374723     0.0108242703
    -0.2556570985    -0.0007085634    -3.9114592335     0.0108407592
    -0.2573265057    -0.0007196000    -3.8860830803     0.0108672258
    -0.2590223410    -0.0007290264    -3.8606402616     0.0108658909
    -0.2607425931    -0.0007398629    -3.8351691472     0.0108823776
    -0.2624871846    -0.0007515640    -3.8096785688     0.0109080268
    -0.2642591172    -0.0007620338    -3.7841331455     0.0109121589
    -0.2660579493    -0.0007735807    -3.7585478983     0.0109282213
    -0.2678844604    -0.0007855250    -3.7329205286     0.0109461466
    -0.2697400246    -0.0007982181    -3.7072408693     0.0109705138
    -0.2716242829    -0.0008130820    -3.6815229808     0.0110202963
    -0.2735409834    -0.0008266007    -3.6557259395     0.0110470668
    -0.2754840209    -0.0008547388    -3.6299396608     0.0112625423
    -0.2774522904    -0.0008552367    -3.6041890195     0.0111097828
    -0.2794694734    -0.0008680724    -3.5781738161     0.0111143228
    -0.2815221203    -0.0008857198    -3.5520835831     0.0111755012
    -0.2836091734    -0.0009053944    -3.5259431022     0.0112562261
    -0.2857414352    -0.0009375193    -3.4996297766     0.0114823060
    -0.2878874726    -0.0009696784    -3.4735400119     0.0116997687
    -0.2900999378    -0.0009747695    -3.4470490314     0.0115824856
    -0.2923897445    -0.0010230510    -3.4200507255     0.0119665157
    -0.2947275313    -0.0010535423    -3.3929209724     0.0121284425
    -0.2972418222    -0.0012066642    -3.3642086871     0.0136571304
    -0.2998963359    -0.0015701957    -3.3343941477     0.0174582035
    -0.3009332957    -0.0023764604    -3.3227883261     0.0262399509
    -0.3035106818    -0.0013847183    -3.2947083759     0.0150315734
    -0.3065006710    -0.0015505631    -3.2625521009     0.0165049975
    -0.3083472407    -0.0021973865    -3.2429322718     0.0231102300
    -0.3112047503    -0.0014128575    -3.2132523302     0.0145880411
    -0.3144398267    -0.0016165072    -3.1801746691     0.0163489954
    -0.3172747826    -0.0023795166    -3.1516647721     0.0236370465
    -0.3200081012    -0.0021797763    -3.1247759047     0.0212848129
    -0.3249738312    -0.0048692614    -3.0764801584     0.0460965916
    -0.3194276360    -0.0049611873    -3.1298445039     0.0486111502
    -0.3243823341    -0.0019745326    -3.0826677168     0.0187643634
    -0.3281777204    -0.0018500476    -3.0470326271     0.0171771420
    -0.3313595972    -0.0016763589    -3.0177921974     0.0152671078
    -0.3345888526    -0.0014613612    -2.9886857146     0.0130534810
    -0.3379430417    -0.0014420595    -2.9590246531     0.0126266533
    -0.3413116637    -0.0014710953    -2.9298190759     0.0126278809
    -0.3447816783    -0.0017029276    -2.9003153834     0.0143250855
    -0.3478208386    -0.0016451458    -2.8749790634     0.0135982648
    -0.3514360417    -0.0016278987    -2.8454069165     0.0131803052
    -0.3550465961    -0.0016412632    -2.8164715344     0.0130196184
    -0.3588111256    -0.0017451948    -2.7869156565     0.0135550720
    -0.3628209547    -0.0019332161    -2.7561021413     0.0146853175
    -0.3669752149    -0.0021644108    -2.7248848817     0.0160713039
    -0.3718500582    -0.0032992890    -2.6890443087     0.0238589026
    -0.3733577574    -0.0034303882    -2.6781701170     0.0246068631
    -0.3795609097    -0.0031125694    -2.6344460972     0.0216036375
    -0.3865385130    -0.0086989762    -2.5857547339     0.0581919217
    -0.3813617982    -0.0056743576    -2.6216014906     0.0390073273
    -0.3889029695    -0.0038894420    -2.5710783080     0.0257135091
    -0.3941631126    -0.0046946103    -2.5366609210     0.0302124528
    -0.4037746618    -0.0074187093    -2.4757931268     0.0454887124
    -0.3933875283    -0.0157356026    -2.5379618403     0.1015191280
    -0.4020022787    -0.0061082504    -2.4869739087     0.0377884906
    -0.4119102262    -0.0062572970    -2.4271533586     0.0368707026
    -0.4099156862    -0.0202640029    -2.4335789411     0.1203029117
    -0.4086759517    -0.0089575178    -2.4457514830     0.0536069284
    -0.4174289861    -0.0039219271    -2.3954056062     0.0225058790
    -0.4254092917    -0.0037128335    -2.3504983387     0.0205143824
    -0.4305192745    -0.0040184030    -2.3225740312     0.0216785611
    -0.4380109940    -0.0034644248    -2.2829049005     0.0180565158
    -0.4452872330    -0.0044591844    -2.2455162695     0.0224869934
    -0.4542423733    -0.0088704386    -2.2006286992     0.0429738458
    -0.4523066705    -0.0079159287    -2.2102123747     0.0386814627
    -0.4572027123    -0.0072199808    -2.1866683188     0.0345310795
    -0.4666084330    -0.0044561956    -2.1429291280     0.0204653639
    -0.4764700581    -0.0067194025    -2.0983504481     0.0295919144
    -0.4790505757    -0.0059653234    -2.0871386296     0.0259898591
    -0.4898416138    -0.0050169519    -2.0412620825     0.0209065815
    -0.4986555999    -0.0092902753    -2.0046962668     0.0373487838
    -0.5088436168    -0.0072912042    -1.9648369159     0.0281540864
    -0.5260839414    -0.0184212741    -1.8985095600     0.0664779176
    -0.4994400156    -0.0405007368    -1.9891618002     0.1613056944
    -0.5104915791    -0.0095749496    -1.9582072745     0.0367287861
    -0.5267071440    -0.0077378866    -1.8981785813     0.0278862568
    -0.5379437757    -0.0069588088    -1.8586193104     0.0240429892
    -0.5496467837    -0.0118682630    -1.8185023723     0.0392660615
    -0.5534468404    -0.0113016482    -1.8061051305     0.0368815273
    -0.5672849362    -0.0065068759    -1.7625506829     0.0202168221
    -0.5818719492    -0.0069111200    -1.7183487687     0.0204094983
    -0.5929110755    -0.0095356736    -1.6861574214     0.0271181422
    -0.6096616059    -0.0084839253    -1.6399366115     0.0228210201
    -0.6317745025    -0.0169794180    -1.5817007667     0.0425094054
    -0.6186690749    -0.0254602791    -1.6136401659     0.0664066310
    -0.6432398573    -0.0146688594    -1.5538219639     0.0354343651
    -0.6590697417    -0.0212873311    -1.5157088770     0.0489559674
    -0.6776437716    -0.0242670189    -1.4738115589     0.0527784870
    -0.7191316750    -0.0578914573    -1.3816123080     0.1112223987
    -0.6530320442    -0.0407934063    -1.5253661195     0.0952861049
    -0.6917630957    -0.0185808888    -1.4445394045     0.0388006042
    -0.7257600645    -0.0158496437    -1.3772090090     0.0300764304
    -0.7473920490    -0.0300696740    -1.3358236003     0.0537439222
    -0.7773372970    -0.0201852155    -1.2855759869     0.0333827136
    -0.8091626270    -0.0453927093    -1.2319684716     0.0691114306
    -0.8464605811    -0.0365252779    -1.1791942933     0.0508829356
    -0.9226785521    -0.1479676077    -1.0566270303     0.1694485837
    -0.7489151780    -0.0812346500    -1.3197370833     0.1431515653
    -0.8243624000    -0.0342955564    -1.2109628246     0.0503791098
    -0.8761261852    -0.0229533657    -1.1406052186     0.0298823722
    -0.9254203377    -0.0231715061    -1.0799129927     0.0270398320
    -0.9748542903    -0.0249637421    -1.0251220999     0.0262509834
    -1.0175959532    -0.0285689894    -0.9819343453     0.0275677904
    -1.0776128489    -0.0273583472    -0.9273793179     0.0235442306
    -1.1441550537    -0.0329407394    -0.8732835582     0.0251422270
    -1.2222674237    -0.0380064512    -0.8173612528     0.0254158787
    -1.3225126115    -0.0512667570    -0.7550019160     0.0292673956
    -1.4622172346    -0.1078104478    -0.6801952120     0.0501513378
    -1.4675577568    -0.1396339481    -0.6752907919     0.0642519989
    -1.6966313979    -0.1971326265    -0.5815521120     0.0675708910
    -1.8281020326    -0.1954232507    -0.5408350218     0.0578150104
    -2.3390910039    -0.4364217128    -0.4131347999     0.0770816512
    -1.4629711440    -1.5078739182    -0.3314412423     0.3416141233
    -1.8755400919    -0.4527858398    -0.5038164226     0.1216294672
    -2.8046868647    -0.6069919476    -0.3405933750     0.0737114145
    -4.3311310808    -2.7304252203    -0.1652225748     0.1041593701
    -0.3793084339    -3.1923054154    -0.0367024535     0.3088922648
    -0.2831145742    -1.0508311570    -0.2390362870     0.8872265893
    -1.9111306458    -0.7511683298    -0.4532317540     0.1781423684
    -4.0744655996    -1.6372073001    -0.2113123774     0.0849098264
    -6.3877356727   -10.6327479396    -0.0415169513     0.0691073176
     6.3590800782    -3.7566602742     0.1165725744     0.0688658664
     3.2669880810    -0.8995038346     0.2845233867     0.0783381730
     2.0858036491    -0.4438246551     0.4586646332     0.0975962779
     1.4232014661    -0.2308235291     0.6846324071     0.1110378763
     1.0039118214    -0.1487367723     0.9747080359     0.1444100210
     0.7112411163    -0.1082461830     1.3741634531     0.2091385681
     0.4885632267    -0.0854391933     1.9860787686     0.3473224317
     0.3063829987    -0.0722007311     3.0921701139     0.7286858078
     0.1470571075    -0.0654151164     5.6767999642     2.5251994742
    -0.0030097112    -0.0645065672    -0.7217263645    15.4686236692
    -0.1591572925    -0.0724292786    -5.2051235473     2.3687469017
    -0.3498884398    -0.1081860531    -2.6086520759     0.8065993038
    -0.5844615476    -0.2371752812    -1.4690595593     0.5961463427
    -0.6578371727    -0.7232208852    -0.6882594845     0.7566669296
     0.3976343732    -0.7465090175     0.5558297373     1.0435011132
    -0.0283726335    -0.1677741099    -0.9799495178     5.7946738752
    -0.3044795637    -0.1033874543    -2.9447686082     0.9999098993
    -0.5245871263    -0.1020959837    -1.8366916305     0.3574598562
    -0.7557106808    -0.1536285180    -1.2707419373     0.2583292860
    -1.0847477816    -0.2458765718    -0.8768238727     0.1987470742
    -1.0950189518    -0.7406878203    -0.6265539739     0.4238108358
    -0.8030295878    -0.9535549436    -0.5167089760     0.6135644389
    -1.4769722038    -0.4736372603    -0.6139267633     0.1968747885
    -2.8588529648    -1.0873624353    -0.3055832757     0.1162283542
    -4.0319592944    -7.3998346108    -0.0567767653     0.1042021118
     4.0535176758    -2.4328247491     0.1813683508     0.1088529637
     2.1063604788    -0.5699238958     0.4423670113     0.1196924900
     1.2885553798    -0.2510700506     0.7476772965     0.1456820402
     0.8552645027    -0.1466365855     1.1358401171     0.1947417623
     0.5766296730    -0.1007769153     1.6828151278     0.2941036951
     0.3726917805    -0.0775363470     2.5718658775     0.5350616662
     0.2080531668    -0.0652941005     4.3755124717     1.3731833812
     0.0634728514    -0.0596981974     8.3597453279     7.8626013383
    -0.0743283287    -0.0594599636    -8.2038398112     6.5627739160
    -0.2182422516    -0.0657004916    -4.2013102918     1.2647787009
    -0.3875812479    -0.0846947163    -2.4625153555     0.5381117907
    -0.6251427662    -0.1436034208    -1.5194558598     0.3490387652
    -1.0179321117    -0.5108011204    -0.7847731949     0.3938013376
    -1.0240752145    -1.0153614293    -0.4924175081     0.4882275616
     0.5929973737    -0.8770698111     0.5290380780     0.7824711335
    -0.0296170302    -0.2238857188    -0.5807034959     4.3897453226
    -0.4240995373    -0.1627136909    -2.0553815272     0.7885854265
    -0.8060302100    -0.2229310804    -1.1524876199     0.3187539463
    -0.9206512654    -0.6147389326    -0.7512437627     0.5016218476
    -1.4563614490    -0.4230250659    -0.6332174580     0.1839288297
    -2.7764269711    -1.0938523449    -0.3117808382     0.1228349258
    -3.2750020887    -7.6820708470    -0.0469602678     0.1101532441
     3.7550424907    -2.1279560295     0.2015746964     0.1142309552
     2.0022285052    -0.5193596896     0.4679576220     0.1213839103
     1.2465253369    -0.2343539110     0.7748422867     0.1456747929
     0.8368996835    -0.1404049733     1.1621756326     0.1949758638
     0.5659321882    -0.0997127650     1.7137937470     0.3019568717
     0.3599238152    -0.0802113805     2.6469069986     0.5898805674
     0.1847811794    -0.0717469660     4.7028030302     1.8260076619
     0.0199137700    -0.0710705226     3.6555276637    13.0462620597
    -0.1521870099    -0.0785051961    -5.1898533642     2.6771697278
    -0.3538440818    -0.0986114225    -2.6224300254     0.7308347617
    -0.6265445364    -0.1469466056    -1.5128394964     0.3548137697
    -1.0764845349    -0.2862710317    -0.8675939014     0.2307204546
    -2.0686275870    -0.9566551451    -0.3982411711     0.1841701559
     0.4414026199    -5.5267450379     0.0143593446     0.1797914941
     1.6961695737    -0.8683335943     0.4671363714     0.2391448418
     0.7028653047    -0.3731901496     1.1098623423     0.5892874365
    -0.0488125309    -0.4881724154    -0.2027983004     2.0281787140
     0.7504633758    -1.8425596556     0.1895961107     0.4655019229
     0.5458474007    -0.6272664011     0.7894670442     0.9072245301
     1.2015766449    -0.7241706452     0.6104922317     0.3679337104
     0.7718018952    -0.1657047435     1.2385765122     0.2659205744
     0.5136358836    -0.0867364750     1.8929252926     0.3196538103
     0.3489425358    -0.0612167880     2.7802327812     0.4877505699
     0.2226102613    -0.0493623496     4.2816277457     0.9494225675
     0.1151431309    -0.0435706179     7.5970277757     2.8747454746
     0.0169013725    -0.0409965359     8.5952044953    20.8488163142
    -0.0780917763    -0.0406399679   -10.0764459734     5.2439124890
    -0.1745512752    -0.0422564501    -5.4118124811     1.3101249680
    -0.2772639378    -0.0461565580    -3.5094160410     0.5842179339
    -0.3925105611    -0.0534681264    -2.5012879426     0.3407275957
    -0.5308541999    -0.0673892407    -1.8538810921     0.2353407755
    -0.7154827995    -0.0990047104    -1.3713987068     0.1897668706
    -1.0164746735    -0.2106509181    -0.9432811752     0.1954825346
    -1.2933189044    -1.1804981414    -0.4217917821     0.3849973995
    -0.3276134599    -0.4102217867    -1.1886741995     1.4884005499
    -0.8425677890    -0.1986621298    -1.1243425001     0.2650994716
    -1.2938268087    -0.2142260548    -0.7522771049     0.1245586776
    -1.8851367193    -0.3289780326    -0.5147880145     0.0898364275
    -2.8635686582    -0.7937091539    -0.3242999730     0.0898877896
    -4.1421428392    -1.5713301522    -0.2110492706     0.0800619620
    -7.9528146766    -8.4083815199    -0.0593723408     0.0627734096
     7.4120573629    -5.7411330536     0.0843245115     0.0653149614
     3.3880233083    -2.2051369105     0.2073284828     0.1349423096
     3.6128256778    -0.9790889572     0.2578540831     0.0698793985
     2.4917071191    -0.3515340041     0.3934990656     0.0555154741
     1.9017237030    -0.1972638345     0.5202411048     0.0539640722
     1.5327920396    -0.1312020728     0.6476589493     0.0554375247
     1.2737476423    -0.0961534423     0.7806363879     0.0589291579
     1.0779239389    -0.0751416848     0.9232229016     0.0643575319
     0.9198437017    -0.0616580766     1.0822783659     0.0725462405
     0.7866529826    -0.0531045659     1.2654416923     0.0854261450
     0.6693464838    -0.0478032184     1.4864131094     0.1061562767
     0.5613267588    -0.0450815241     1.7700763997     0.1421591623
     0.4568046165    -0.0449093512     2.1681639108     0.2131564152
     0.3492364349    -0.0481081435     2.8100666516     0.3870933164
     0.2287700740    -0.0576084352     4.1105420425     1.0351087048
     0.0752281168    -0.0818554967     6.0866181890     6.6228316732
    -0.1724754737    -0.1661638519    -3.0069881813     2.8969495090
    -0.6510825283    -0.7925301592    -0.6188923809     0.7533467047
     0.7549305495    -0.8496275197     0.5844078910     0.6577148418
     0.7496365852    -0.3331473881     1.1139687688     0.4950609310
     0.4062355758    -0.1218778909     2.2583502625     0.6775452058
     0.1699665265    -0.1107526810     4.1299343850     2.6911258051
    -0.0303219052    -0.3546971642    -0.2392647811     2.7988524751
     0.2010366191    -0.1643549438     2.9814886217     2.4374782918
    -0.0146661939    -0.1163748960    -1.0659955010     8.4585760054
    -0.1456138546    -0.0864075791    -5.0790219478     3.0139027073
    -0.3358238948    -0.0860318616    -2.7943602545     0.7158633392
    -0.5553569959    -0.1062178401    -1.7370994789     0.3322384628
    -0.8435541395    -0.1482633421    -1.1499368753     0.2021132686
    -1.2712046412    -0.2386233184    -0.7598797730     0.1426403170
    -2.0199144560    -0.4822877338    -0.4683690324     0.1118307949
    -3.7115792646    -1.5723708735    -0.2284305914     0.0967721778
    -0.9427848903   -10.3200483273    -0.0087788921     0.0960967780
     3.4292768647    -1.8273741105     0.2271159200     0.1210242767
     1.4304655871    -0.6679989638     0.5739184558     0.2680084983
     0.1038092178    -0.6638827780     0.2299122459     1.4703393760
    -1.2900740222    -2.2174059416    -0.1960247257     0.3369313574
    -1.1951881827    -6.0015488552    -0.0319167399     0.1602675431
     4.7016292572    -1.9768203896     0.1807405752     0.0759931578
     2.9078035472    -0.6153222391     0.3291625915     0.0696543145
     2.4772391081    -0.5670435954     0.3835773354     0.0878014039
     2.0784174357    -0.1855081369     0.4773326937     0.0426040973
     1.7656833686    -0.1079375627     0.5642443946     0.0344926875
     1.5581195573    -0.0757797614     0.6402847429     0.0311405019
     1.4039093275    -0.0590406927     0.7110391836     0.0299023912
     1.2785488156    -0.0562689964     0.7806247580     0.0343553341
     1.1947125878    -0.0607986606     0.8348593043     0.0424858062
     1.1127984508    -0.0733845847     0.8947441989     0.0590047833
     1.1098468911    -0.0802934824     0.8963337659     0.0648465658
     1.0396449474    -0.0377791694     0.9605983804     0.0349067333
     0.9823981169    -0.0340797955     1.0166937463     0.0352695250
     0.9371627076    -0.0220559648     1.0664598691     0.0250989515
     0.8906230687    -0.0188404365     1.1223072187     0.0237415340
     0.8480838785    -0.0179865241     1.1785985209     0.0249962194
     0.8054121105    -0.0197584908     1.2408536234     0.0304408073
     0.7547291750    -0.0306726171     1.3227937932     0.0537590819
     0.7234946793    -0.1408583135     1.3317022552     0.2592712001
     0.8000938665    -0.0442585047     1.2460405530     0.0689267771
     0.7402262332    -0.0353320691     1.3478675074     0.0643356663
     0.7127537353    -0.0341165893     1.3998019861     0.0670027628
     0.6864125668    -0.0659192735     1.4435365932     0.1386292851
     0.7277322551    -0.0388956506     1.3702175057     0.0732350407
     0.6774047807    -0.0315989206     1.4730170313     0.0687118685
     0.6943188345    -0.0397706065     1.4355504675     0.0822283797
     0.6657390769    -0.0137622532     1.5014483598     0.0310381547
     0.6407704328    -0.0136007897     1.5599185326     0.0331103354
     0.6220466856    -0.0106125458     1.6071285976     0.0274187232
     0.5999728434    -0.0130148203     1.6659581752     0.0361385461
     0.5748451196    -0.0418917199     1.7304092621     0.1261032193
     0.6027014800    -0.0242886240     1.6565059308     0.0667565139
     0.5871342089    -0.0190247209     1.7014017450     0.0551299735
     0.5792394247    -0.0202998125     1.7242840657     0.0604286271
     0.5693397001    -0.0089637539     1.7559853703     0.0276464484
     0.5541663184    -0.0064110132     1.8042709356     0.0208731647
     0.5412355508    -0.0055231688     1.8474319964     0.0188525657
     0.5289068330    -0.0070899168     1.8903524777     0.0253398915
     0.5244321763    -0.0088607875     1.9062800741     0.0322084407
     0.5132647054    -0.0051532367     1.9481160419     0.0195593094
     0.5025849215    -0.0049886287     1.9895174777     0.0197478346
     0.4908671597    -0.0085584435     2.0365919395     0.0355087048
     0.4924114323    -0.0081603655     2.0302644704     0.0336460508
     0.4808062401    -0.0052260142     2.0795942098     0.0226036768
     0.4733901273    -0.0061399897     2.1120672849     0.0273940468
     0.4631367863    -0.0055470762     2.1588796163     0.0258573063
     0.4514160165    -0.0096590126     2.2142377214     0.0473783590
     0.4552183240    -0.0114311616     2.1953637695     0.0551286198
     0.4380487482    -0.0121760142     2.2810885351     0.0634051954
     0.4510166390    -0.0268057975     2.2094085404     0.1313143528
     0.4513963213    -0.0227415881     2.2097393816     0.1113278522
     0.4468101669    -0.0072480249     2.2374981579     0.0362960461
     0.4354766549    -0.0042034120     2.2961204183     0.0221631629
     0.4265782321    -0.0037838887     2.3440514497     0.0207925042
     0.4179616140    -0.0058905886     2.3920890722     0.0337131742
     0.4145192709    -0.0100927490     2.4110037634     0.0587033161
     0.4111833273    -0.0051879494     2.4316181303     0.0306800177
     0.4043891175    -0.0060614360     2.4723102914     0.0370577493
     0.3940897270    -0.0094291982     2.5360413642     0.0606786600
     0.4092899199    -0.0223571568     2.4359873502     0.1330639933
     0.4023152162    -0.0063820379     2.4849878389     0.0394200515
     0.3953669985    -0.0032928205     2.5291201452     0.0210638182
     0.3893917167    -0.0025729908     2.5679959207     0.0169685937
     0.3841474828    -0.0021352618     2.6030864435     0.0144691069
     0.3793894846    -0.0019593777     2.6357433948     0.0136124404
     0.3749591363    -0.0018456060     2.6668926721     0.0131268520
     0.3707415008    -0.0017616600     2.6972362673     0.0128165128
     0.3666931062    -0.0016979536     2.7270176136     0.0126273151
     0.3627810511    -0.0016566601     2.7564260700     0.0125873750
     0.3589990732    -0.0016059855     2.7854667678     0.0124608098
     0.3552805508    -0.0015766954     2.8146215811     0.0124909766
     0.3516008611    -0.0016136369     2.8440742001     0.0130525937
     0.3479756993    -0.0019622064     2.8736725172     0.0162044033
     0.3453463286    -0.0017916700     2.8955659930     0.0150223074
     0.3417821430    -0.0015791947     2.9257779325     0.0135184737
     0.3385712118    -0.0016632628     2.9535171099     0.0145094295
     0.3354729894    -0.0014797630     2.9808079198     0.0131482697
     0.3321404437    -0.0014309322     3.0107186838     0.0129708214
     0.3288961902    -0.0015289759     3.0404073348     0.0141342757
     0.3253283602    -0.0019860581     3.0737029269     0.0187642806
     0.3239648974    -0.0025544357     3.0865622791     0.0243372814
     0.3206412140    -0.0020529119     3.1186228271     0.0199670458
     0.3175916463    -0.0018214854     3.1485938593     0.0180581508
     0.3136117121    -0.0025833640     3.1884400687     0.0262646477
     0.3138533122    -0.0083639841     3.1839406432     0.0848499211
     0.3129474265    -0.0024710640     3.1952256860     0.0252298198
     0.3099954360    -0.0019384704     3.2257278093     0.0201711929
     0.3067243920    -0.0013492844     3.2601927829     0.0143416285
     0.3037216900    -0.0012644055     3.2924308750     0.0137065205
     0.3007403990    -0.0013377104     3.3250611439     0.0147900608
     0.2973737736    -0.0019642535     3.3626246164     0.0222112634
     0.2969400032    -0.0063866899     3.3661264697     0.0723998307
     0.2965246557    -0.0018450936     3.3722702785     0.0209835979
     0.2933266374    -0.0012430248     3.4091075098     0.0144467112
     0.2906375161    -0.0012793331     3.4406453712     0.0151450909
     0.2886116862    -0.0011298063     3.4648100677     0.0135634295
     0.2862296280    -0.0010177889     3.4936542486     0.0124229014
     0.2840889729    -0.0009805132     3.5199820585     0.0121489720
     0.2819090171    -0.0009160349     3.5472063000     0.0115262892
     0.2797970746    -0.0008903638     3.5739825914     0.0113730449
     0.2777358981    -0.0008728633     3.6005072796     0.0113156078
     0.2757121727    -0.0008693291     3.6269347434     0.0114358382
     0.2737788421    -0.0008556646     3.6525475245     0.0114156216
     0.2718284838    -0.0008247327     3.6787564742     0.0111614157
     0.2699200875    -0.0008095902     3.7047668932     0.0111119666
     0.2680428203    -0.0007945314     3.7307144158     0.0110585684
     0.2661957721    -0.0007835021     3.7566011243     0.0110569176
     0.2643867581    -0.0007748195     3.7823052057     0.0110845330
     0.2626033812    -0.0007591485     3.8079922596     0.0110083560
     0.2608426103    -0.0007469318     3.8336980260     0.0109779269
     0.2591096068    -0.0007347785     3.8593395689     0.0109442473
     0.2574042535    -0.0007263169     3.8849087558     0.0109620369
     0.2557225134    -0.0007131268     3.9104582934     0.0109049940
     0.2540636753    -0.0007036161     3.9359909645     0.0109005223
     0.2524310732    -0.0006963110     3.9614472914     0.0109273369
     0.2508239747    -0.0006836844     3.9868300920     0.0108671179
     0.2492347996    -0.0006732501     4.0122515190     0.0108381692
     0.2476682580    -0.0006640724     4.0376300895     0.0108260894
     0.2461234907    -0.0006547793     4.0629722891     0.0108090051
     0.2445995810    -0.0006458490     4.0882859413     0.0107948489
     0.2430960990    -0.0006371947     4.1135712738     0.0107823444
     0.2416126279    -0.0006287590     4.1388284895     0.0107706521
     0.2401486947    -0.0006205211     4.1640589584     0.0107595277
     0.2387038537    -0.0006125065     4.1892638110     0.0107495175
     0.2372778574    -0.0006046227     4.2144408995     0.0107390831
     0.2358699794    -0.0005968621     4.2395967436     0.0107281752
     0.2344800437    -0.0005893671     4.2647283181     0.0107194219
     0.2331076799    -0.0005819032     4.2898362203     0.0107086540
     0.2317524190    -0.0005746396     4.3149230382     0.0106990289
     0.2304139833    -0.0005675349     4.3399880467     0.0106898660
     0.2290920278    -0.0005605744     4.3650319128     0.0106809707
     0.2277862217    -0.0005537529     4.3900552129     0.0106723128
     0.2264962441    -0.0005470666     4.4150584938     0.0106638909
     0.2252217808    -0.0005405148     4.4400423299     0.0106557569
     0.2239625236    -0.0005341237     4.4650073427     0.0106485059
     0.2227182764    -0.0005278255     4.4899520571     0.0106408484
     0.2214886114    -0.0005217951     4.5148797653     0.0106364028
     0.2202734618    -0.0005155803     4.5397866505     0.0106259942
     0.2190723669    -0.0005096828     4.5646769661     0.0106199484
     0.2178850409    -0.0005037243     4.5895516780     0.0106104967
     0.2167112740    -0.0004979474     4.6144102340     0.0106027409
     0.2155508652    -0.0004923009     4.6392520057     0.0105956800
     0.2144035671    -0.0004867580     4.6640774657     0.0105888017
     0.2132691393    -0.0004813155     4.6888870566     0.0105820937
     0.2121473527    -0.0004759699     4.7136810985     0.0105755276
     0.2110379838    -0.0004707183     4.7384599071     0.0105690925
     0.2099408150    -0.0004655586     4.7632237795     0.0105627844
     0.2088556346    -0.0004604878     4.7879729971     0.0105565899
     0.2077822354    -0.0004555043     4.8127078432     0.0105505121
     0.2067204161    -0.0004506057     4.8374285778     0.0105445464
     0.2056699799    -0.0004457901     4.8621354582     0.0105386889
     0.2046307347    -0.0004410555     4.8868287338     0.0105329361
     0.2036024932    -0.0004363998     4.9115086466     0.0105272851
     0.2025850723    -0.0004318214     4.9361754316     0.0105217329
     0.2015782931    -0.0004273183     4.9608293174     0.0105162769
     0.2005819811    -0.0004228889     4.9854705263     0.0105109147
     0.1995959657    -0.0004185314     5.0100992741     0.0105056433
     0.1986200801    -0.0004142443     5.0347157724     0.0105004606
     0.1976541614    -0.0004100259     5.0593202261     0.0104953646
     0.1966980502    -0.0004058748     5.0839128353     0.0104903541
     0.1957515909    -0.0004017894     5.1084937919     0.0104854242
     0.1948146310    -0.0003977682     5.1330632913     0.0104805753
     0.1938870219    -0.0003938103     5.1576215097     0.0104758139
     0.1929686175    -0.0003899130     5.1821686359     0.0104711073
     0.1920592751    -0.0003860763     5.2067048502     0.0104664851
     0.1911588555    -0.0003822985     5.2312303191     0.0104619362
     0.1902672220    -0.0003785784     5.2557452113     0.0104574587
     0.1893842412    -0.0003749147     5.2802496914     0.0104530507
     0.1885097821    -0.0003713062     5.3047439203     0.0104487106
     0.1876437166    -0.0003677517     5.3292280551     0.0104444367
     0.1867859195    -0.0003642503     5.3537022493     0.0104402276
     0.1859362677    -0.0003608007     5.3781666533     0.0104360818
     0.1850946411    -0.0003574019     5.4026214138     0.0104319981
     0.1842609218    -0.0003540528     5.4270666744     0.0104279750
     0.1834349943    -0.0003507525     5.4515025758     0.0104240112
     0.1826167455    -0.0003475001     5.4759292555     0.0104201054
     0.1818060645    -0.0003442944     5.5003468482     0.0104162566
     0.1810028427    -0.0003411346     5.5247554856     0.0104124633
     0.1802069735    -0.0003380199     5.5491552969     0.0104087245
     0.1794183526    -0.0003349492     5.5735464084     0.0104050392
     0.1786368776    -0.0003319218     5.5979289440     0.0104014061
     0.1778624481    -0.0003289368     5.6223030249     0.0103978242
     0.1770949656    -0.0003259934     5.6466687701     0.0103942926
     0.1763343336    -0.0003230908     5.6710262959     0.0103908101
     0.1755804575    -0.0003202283     5.6953757165     0.0103873759
     0.1748332442    -0.0003174049     5.7197171439     0.0103839890
     0.1740926027    -0.0003146202     5.7440506877     0.0103806484
     0.1733584435    -0.0003118732     5.7683764556     0.0103773532
     0.1726306788    -0.0003091633     5.7926945530     0.0103741027
     0.1719092225    -0.0003064898     5.8170050835     0.0103708958
     0.1711939902    -0.0003038520     5.8413081486     0.0103677319
     0.1704848987    -0.0003012494     5.8656038479     0.0103646101
     0.1697818666    -0.0002986812     5.8898922791     0.0103615296
     0.1690848140    -0.0002961468     5.9141735381     0.0103584897
     0.1683936622    -0.0002936456     5.9384477191     0.0103554895
     0.1677083342    -0.0002911770     5.9627149145     0.0103525284
     0.1670287542    -0.0002887404     5.9869752150     0.0103496056
     0.1663548478    -0.0002863353     6.0112287097     0.0103467206
     0.1656865420    -0.0002839611     6.0354754860     0.0103438724
     0.1650237650    -0.0002816173     6.0597156298     0.0103410607
     0.1643664461    -0.0002793033     6.0839492255     0.0103382845
     0.1637145162    -0.0002770186     6.1081763559     0.0103355435
     0.1630679071    -0.0002747627     6.1323971025     0.0103328368
     0.1624265519    -0.0002725351     6.1566115453     0.0103301640
     0.1617903849    -0.0002703354     6.1808197627     0.0103275244
     0.1611593413    -0.0002681629     6.2050218320     0.0103249175
     0.1605333577    -0.0002660174     6.2292178292     0.0103223426
     0.1599123716    -0.0002638983     6.2534078288     0.0103197994
     0.1592963216    -0.0002618051     6.2775919042     0.0103172871
     0.1586851473    -0.0002597376     6.3017701273     0.0103148053
     0.1580787893    -0.0002576951     6.3259425691     0.0103123536
     0.1574771893    -0.0002556773     6.3501092993     0.0103099313
     0.1568802897    -0.0002536839     6.3742703863     0.0103075380
     0.1562880343    -0.0002517143     6.3984258976     0.0103051732
     0.1557003673    -0.0002497682     6.4225758994     0.0103028364
     0.1551172342    -0.0002478453     6.4467204569     0.0103005272
     0.1545385812    -0.0002459451     6.4708596343     0.0102982452
     0.1539643555    -0.0002440673     6.4949934945     0.0102959898
     0.1533945049    -0.0002422115     6.5191220996     0.0102937607
     0.1528289783    -0.0002403774     6.5432455108     0.0102915575
     0.1522677253    -0.0002385646     6.5673637880     0.0102893797
     0.1517106964    -0.0002367728     6.5914769905     0.0102872269
     0.1511578426    -0.0002350016     6.6155851764     0.0102850987
     0.1506091161    -0.0002332508     6.6396884029     0.0102829948
     0.1500644695    -0.0002315200     6.6637867265     0.0102809148
     0.1495238562    -0.0002298089     6.6878802026     0.0102788582
     0.1489872305    -0.0002281172     6.7119688858     0.0102768248
     0.1484545473    -0.0002264446     6.7360528300     0.0102748141
     0.1479257621    -0.0002247908     6.7601320882     0.0102728259
     0.1474008311    -0.0002231555     6.7842067123     0.0102708597
     0.1468797114    -0.0002215385     6.8082767539     0.0102689153
     0.1463623606    -0.0002199394     6.8323422634     0.0102669923
     0.1458487367    -0.0002183580     6.8564032907     0.0102650904
     0.1453387988    -0.0002167940     6.8804598849     0.0102632092
     0.1448325063    -0.0002152472     6.9045120942     0.0102613485
     0.1443298192    -0.0002137173     6.9285599662     0.0102595080
     0.1438306983    -0.0002122040     6.9526035479     0.0102576874
     0.1433351048    -0.0002107071     6.9766428854     0.0102558863
     0.1428430005    -0.0002092265     7.0006780242     0.0102541044
     0.1423543479    -0.0002077617     7.0247090093     0.0102523416
     0.1418691098    -0.0002063126     7.0487358848     0.0102505975
     0.1413872498    -0.0002048790     7.0727586943     0.0102488718
     0.1409087319    -0.0002034606     7.0967774806     0.0102471644
     0.1404335205    -0.0002020573     7.1207922862     0.0102454748
     0.1399615809    -0.0002006688     7.1448031526     0.0102438029
     0.1394928784    -0.0001992948     7.1688101210     0.0102421484
     0.1390273792    -0.0001979353     7.1928132320     0.0102405111
     0.1385650498    -0.0001965899     7.2168125254     0.0102388907
     0.1381058572    -0.0001952585     7.2408080406     0.0102372870
     0.1376497688    -0.0001939409     7.2647998166     0.0102356998
     0.1371967525    -0.0001926369     7.2887878914     0.0102341287
     0.1367467768    -0.0001913462     7.3127723030     0.0102325737
     0.1362998105    -0.0001900688     7.3367530885     0.0102310344
     0.1358558227    -0.0001888044     7.3607302847     0.0102295107
     0.1354147832    -0.0001875529     7.3847039277     0.0102280023
     0.1349766621    -0.0001863140     7.4086740532     0.0102265091
     0.1345414299    -0.0001850877     7.4326406965     0.0102250308
     0.1341090575    -0.0001838736     7.4566038923     0.0102235672
     0.1336795162    -0.0001826718     7.4805636749     0.0102221181
     0.1332527776    -0.0001814819     7.5045200781     0.0102206834
     0.1328288140    -0.0001803038     7.5284731352     0.0102192627
     0.1324075976    -0.0001791374     7.5524228791     0.0102178561
     0.1319891014    -0.0001779826     7.5763693424     0.0102164632
     0.1315732986    -0.0001768391     7.6003125569     0.0102150838
     0.1311601627    -0.0001757068     7.6242525544     0.0102137179
     0.1307496676    -0.0001745856     7.6481893661     0.0102123652
     0.1303417875    -0.0001734752     7.6721230226     0.0102110255
     0.1299364971    -0.0001723757     7.6960535544     0.0102096987
     0.1295337712    -0.0001712868     7.7199809915     0.0102083846
     0.1291335852    -0.0001702083     7.7439053634     0.0102070830
     0.1287359145    -0.0001691403     7.7678266994     0.0102057939
     0.1283407351    -0.0001680824     7.7917450282     0.0102045169
     0.1279480232    -0.0001670346     7.8156603784     0.0102032520
     0.1275577554    -0.0001659968     7.8395727780     0.0102019990
     0.1271699083    -0.0001649688     7.8634822548     0.0102007578
     0.1267844592    -0.0001639505     7.8873888361     0.0101995282
     0.1264013854    -0.0001629418     7.9112925489     0.0101983100
     0.1260206646    -0.0001619426     7.9351934200     0.0101971032
     0.1256422749    -0.0001609527     7.9590914757     0.0101959075
     0.1252661944    -0.0001599720     7.9829867420     0.0101947229
     0.1248924017    -0.0001590004     8.0068792447     0.0101935491
     0.1245208757    -0.0001580378     8.0307690090     0.0101923862
     0.1241515953    -0.0001570840     8.0546560601     0.0101912338
     0.1237845399    -0.0001561391     8.0785404227     0.0101900919
     0.1234196890    -0.0001552028     8.1024221212     0.0101889604
     0.1230570226    -0.0001542750     8.1263011799     0.0101878392
     0.1226965208    -0.0001533557     8.1501776224     0.0101867280
     0.1223381637    -0.0001524447     8.1740514725     0.0101856269
     0.1219819321    -0.0001515420     8.1979227533     0.0101845356
     0.1216278067    -0.0001506474     8.2217914879     0.0101834540
     0.1212757686    -0.0001497608     8.2456576989     0.0101823821
     0.1209257991    -0.0001488822     8.2695214088     0.0101813197
     0.1205778796    -0.0001480114     8.2933826397     0.0101802667
     0.1202319919    -0.0001471483     8.3172414136     0.0101792230
     0.1198881179    -0.0001462930     8.3410977521     0.0101781885
     0.1195462399    -0.0001454451     8.3649516765     0.0101771630
     0.1192063401    -0.0001446048     8.3888032081     0.0101761465
     0.1188684012    -0.0001437718     8.4126523676     0.0101751388
     0.1185324060    -0.0001429462     8.4364991757     0.0101741399
     0.1181983375    -0.0001421277     8.4603436528     0.0101731497
     0.1178661788    -0.0001413164     8.4841858190     0.0101721680
     0.1175359134    -0.0001405121     8.5080256943     0.0101711947
     0.1172075248    -0.0001397148     8.5318632983     0.0101702298
     0.1168809969    -0.0001389243     8.5556986505     0.0101692731
     0.1165563136    -0.0001381407     8.5795317700     0.0101683246
     0.1162334591    -0.0001373638     8.6033626761     0.0101673842
     0.1159124177    -0.0001365935     8.6271913873     0.0101664517
     0.1155931739    -0.0001358297     8.6510179223     0.0101655271
     0.1152757125    -0.0001350725     8.6748422994     0.0101646103
     0.1149600184    -0.0001343217     8.6986645368     0.0101637012
     0.1146460765    -0.0001335772     8.7224846525     0.0101627997
     0.1143338721    -0.0001328390     8.7463026641     0.0101619057
     0.1140233906    -0.0001321070     8.7701185893     0.0101610192
     0.1137146176    -0.0001313811     8.7939324454     0.0101601401
     0.1134075387    -0.0001306613     8.8177442494     0.0101592682
     0.1131021399    -0.0001299474     8.8415540185     0.0101584035
     0.1127984072    -0.0001292395     8.8653617692     0.0101575459
     0.1124963268    -0.0001285374     8.8891675184     0.0101566954
     0.1121958851    -0.0001278412     8.9129712822     0.0101558518
     0.1118970685    -0.0001271506     8.9367730770     0.0101550151
     0.1115998636    -0.0001264658     8.9605729188     0.0101541852
     0.1113042574    -0.0001257865     8.9843708235     0.0101533620
     0.1110102367    -0.0001251127     9.0081668067     0.0101525455
     0.1107177887    -0.0001244445     9.0319608839     0.0101517356
     0.1104269005    -0.0001237816     9.0557530706     0.0101509322
     0.1101375596    -0.0001231242     9.0795433819     0.0101501353
     0.1098497534    -0.0001224720     9.1033318328     0.0101493447
     0.1095634696    -0.0001218250     9.1271184382     0.0101485604
     0.1092786960    -0.0001211833     9.1509032127     0.0101477823
     0.1089954205    -0.0001205466     9.1746861710     0.0101470105
     0.1087136311    -0.0001199151     9.1984673273     0.0101462447
     0.1084333160    -0.0001192886     9.2222466960     0.0101454850
     0.1081544634    -0.0001186670     9.2460242911     0.0101447312
     0.1078770619    -0.0001180503     9.2698001265     0.0101439834
     0.1076011000    -0.0001174386     9.2935742161     0.0101432414
     0.1073265663    -0.0001168316     9.3173465734     0.0101425052
     0.1070534497    -0.0001162293     9.3411172120     0.0101417747
     0.1067817389    -0.0001156318     9.3648861451     0.0101410499
     0.1065114231    -0.0001150390     9.3886533861     0.0101403307
     0.1062424914    -0.0001144507     9.4124189479     0.0101396170
     0.1059749331    -0.0001138670     9.4361828436     0.0101389089
     0.1057087375    -0.0001132879     9.4599450860     0.0101382061
     0.1054438940    -0.0001127132     9.4837056876     0.0101375088
     0.1051803923    -0.0001121429     9.5074646611     0.0101368168
     0.1049182221    -0.0001115770     9.5312220188     0.0101361300
     0.1046573732    -0.0001110154     9.5549777731     0.0101354485
     0.1043978355    -0.0001104581     9.5787319361     0.0101347721
     0.1041395989    -0.0001099050     9.6024845198     0.0101341008
     0.1038826536    -0.0001093562     9.6262355362     0.0101334346
     0.1036269899    -0.0001088114     9.6499849970     0.0101327734
     0.1033725979    -0.0001082708     9.6737329140     0.0101321171
     0.1031194682    -0.0001077343     9.6974792986     0.0101314658
     0.1028675913    -0.0001072018     9.7212241623     0.0101308193
     0.1026169577    -0.0001066733     9.7449675165     0.0101301776
     0.1023675582    -0.0001061488     9.7687093723     0.0101295407
     0.1021193835    -0.0001056281     9.7924497409     0.0101289085
     0.1018724245    -0.0001051113     9.8161886332     0.0101282809
     0.1016266722    -0.0001045984     9.8399260601     0.0101276580
     0.1013821178    -0.0001040892     9.8636620324     0.0101270397
     0.1011387522    -0.0001035838     9.8873965607     0.0101264258
     0.1008965669    -0.0001030821     9.9111296557     0.0101258165
     0.1006555530    -0.0001025841     9.9348613277     0.0101252116
     0.1004157021    -0.0001020897     9.9585915871     0.0101246111
     0.1001770056    -0.0001015990     9.9823204442     0.0101240149
     0.0999394552    -0.0001011118    10.0060479091     0.0101234231
     0.0997030424    -0.0001006281    10.0297739919     0.0101228355
     0.0994677590    -0.0001001480    10.0534987025     0.0101222521
     0.0992335969    -0.0000996713    10.0772220508     0.0101216730
     0.0990005480    -0.0000991981    10.1009440465     0.0101210979
     0.0987686042    -0.0000987282    10.1246646994     0.0101205270
     0.0985377577    -0.0000982618    10.1483840190     0.0101199602
     0.0983080005    -0.0000977986    10.1721020147     0.0101193974
     0.0980793250    -0.0000973388    10.1958186960     0.0101188385
     0.0978517232    -0.0000968823    10.2195340722     0.0101182836
     0.0976251878    -0.0000964289    10.2432481526     0.0101177327
     0.0973997110    -0.0000959788    10.2669609461     0.0101171856
     0.0971752854    -0.0000955319    10.2906724619     0.0101166423
     0.0969519036    -0.0000950881    10.3143827089     0.0101161029
     0.0967295582    -0.0000946475    10.3380916961     0.0101155672
     0.0965082420    -0.0000942099    10.3617994321     0.0101150353
     0.0962879477    -0.0000937754    10.3855059258     0.0101145070
     0.0960686682    -0.0000933439    10.4092111856     0.0101139824
     0.0958503965    -0.0000929155    10.4329152202     0.0101134615
     0.0956331255    -0.0000924900    10.4566180381     0.0101129441
     0.0954168482    -0.0000920674    10.4803196476     0.0101124303
     0.0952015579    -0.0000916478    10.5040200570     0.0101119201
     0.0949872476    -0.0000912311    10.5277192746     0.0101114133
     0.0947739107    -0.0000908172    10.5514173085     0.0101109100
     0.0945615404    -0.0000904062    10.5751141668     0.0101104101
     0.0943501302    -0.0000899980    10.5988098576     0.0101099136
     0.0941396734    -0.0000895926    10.6225043887     0.0101094205
     0.0939301636    -0.0000891899    10.6461977680     0.0101089308
     0.0937215943    -0.0000887900    10.6698900033     0.0101084443
     0.0935139592    -0.0000883928    10.6935811023     0.0101079611
     0.0933072518    -0.0000879983    10.7172710727     0.0101074812
     0.0931014660    -0.0000876064    10.7409599221     0.0101070045
     0.0928965954    -0.0000872172    10.7646476579     0.0101065310
     0.0926926341    -0.0000868306    10.7883342876     0.0101060606
     0.0924895758    -0.0000864466    10.8120198187     0.0101055934
     0.0922874145    -0.0000860651    10.8357042583     0.0101051293
     0.0920861442    -0.0000856862    10.8593876138     0.0101046683
     0.0918857591    -0.0000853098    10.8830698924     0.0101042103
     0.0916862531    -0.0000849360    10.9067511010     0.0101037553
     0.0914876205    -0.0000845646    10.9304312469     0.0101033034
     0.0912898555    -0.0000841956    10.9541103370     0.0101028544
     0.0910929523    -0.0000838291    10.9777883783     0.0101024083
     0.0908969053    -0.0000834650    11.0014653775     0.0101019652
     0.0907017089    -0.0000831033    11.0251413416     0.0101015250
     0.0905073574    -0.0000827440    11.0488162772     0.0101010876
     0.0903138454    -0.0000823870    11.0724901911     0.0101006531
     0.0901211674    -0.0000820323    11.0961630898     0.0101002214
     0.0899293179    -0.0000816799    11.1198349801     0.0100997924
     0.0897382916    -0.0000813299    11.1435058683     0.0100993663
     0.0895480830    -0.0000809821    11.1671757610     0.0100989429
     0.0893586870    -0.0000806365    11.1908446645     0.0100985222
     0.0891700983    -0.0000802932    11.2145125852     0.0100981042
     0.0889823116    -0.0000799521    11.2381795294     0.0100976889
     0.0887953219    -0.0000796131    11.2618455034     0.0100972763
     0.0886091239    -0.0000792764    11.2855105132     0.0100968662
     0.0884237127    -0.0000789418    11.3091745652     0.0100964588
     0.0882390833    -0.0000786093    11.3328376653     0.0100960540
     0.0880552305    -0.0000782790    11.3564998195     0.0100956517
     0.0878721496    -0.0000779507    11.3801610339     0.0100952520
     0.0876898356    -0.0000776245    11.4038213144     0.0100948548
     0.0875082837    -0.0000773004    11.4274806669     0.0100944601
     0.0873274890    -0.0000769783    11.4511390971     0.0100940678
     0.0871474467    -0.0000766583    11.4747966110     0.0100936780
     0.0869681522    -0.0000763403    11.4984532141     0.0100932907
     0.0867896008    -0.0000760242    11.5221089122     0.0100929057
     0.0866117877    -0.0000757101    11.5457637110     0.0100925232
     0.0864347085    -0.0000753980    11.5694176159     0.0100921430
     0.0862583585    -0.0000750879    11.5930706327     0.0100917652
     0.0860827331    -0.0000747796    11.6167227666     0.0100913898
     0.0859078279    -0.0000744733    11.6403740233     0.0100910166
     0.0857336385    -0.0000741689    11.6640244081     0.0100906457
     0.0855601603    -0.0000738663    11.6876739264     0.0100902772
     0.0853873891    -0.0000735657    11.7113225834     0.0100899108
     0.0852153204    -0.0000732668    11.7349703845     0.0100895468
     0.0850439499    -0.0000729698    11.7586173349     0.0100891849
     0.0848732735    -0.0000726746    11.7822634398     0.0100888252
     0.0847032867    -0.0000723812    11.8059087043     0.0100884678
     0.0845339855    -0.0000720897    11.8295531335     0.0100881125
     0.0843653656    -0.0000717998    11.8531967325     0.0100877593
     0.0841974229    -0.0000715118    11.8768395063     0.0100874083
     0.0840301533    -0.0000712254    11.9004814599     0.0100870594
