  0.10471975511965977      -0.33508393943162107      -0.28312800432948509     
  0.31415926535897931      -0.12123396055582310      -0.51327385519060886     
  0.52359877559829882       -3.0725894633264379E-002 -0.55608161934970279     
  0.73303828583761832        6.0504800383454971E-004 -0.55204937128145437     
  0.94247779607693793        1.0461473590318696E-002 -0.53175432556807389     
   1.1519173063162573        1.2550904817733173E-002 -0.50482342864658591     
   1.3613568165555769        1.1935544770988998E-002 -0.47565316933713958     
   1.5707963267948966        1.0522879314978945E-002 -0.44654649778050637     
   1.7802358370342160        9.0178948306224183E-003 -0.41870101942426446     
   1.9896753472735356        7.6585353015734044E-003 -0.39268279066914946     
   2.1991148575128552        6.5032929061000248E-003 -0.36869742491317220     
   2.4085543677521746        5.5453992771828768E-003 -0.34675140719178887     
   2.6179938779914940        4.7579213136216044E-003 -0.32674755805916222     
   2.8274333882308138        4.1109602196492435E-003 -0.30854045980604267     
   3.0368728984701332        3.5776045164798583E-003 -0.29196778444113014     
   3.2463124087094526        3.1354490745115629E-003 -0.27686733276015141     
   3.4557519189487724        2.7664712261294229E-003 -0.26308573762953347     
   3.6651914291880918        2.4563918982812645E-003 -0.25048239553826041     
   3.8746309394274112        2.1939591748409513E-003 -0.23893073518828392     
   4.0840704496667311        1.9703072257547783E-003 -0.22831805701932245     
   4.2935099599060500        1.7784295590514169E-003 -0.21854465661538547     
   4.5029494701453698        1.6127629027575330E-003 -0.20952263701279317     
   4.7123889803846897        1.4688646684409667E-003 -0.20117463415174000     
   4.9218284906240086        1.3431650715012612E-003 -0.19343257442874234     
   5.1312680008633285        1.2327771269368287E-003 -0.18623652267698265     
   5.3407075111026483        1.1353508812466265E-003 -0.17953364458827414     
   5.5501470213419672        1.0489612460764157E-003 -0.17327728871384299     
   5.7595865315812871        9.7202131581125887E-004 -0.16742618329312026     
   5.9690260418206069        9.0321503716686666E-004 -0.16194373844303139     
   6.1784655520599259        8.4144461925538417E-004 -0.15679744244223648     
   6.3879050622992457        7.8578921847881670E-004 -0.15195834064039337     
   6.5973445725385655        7.3547228952042752E-004 -0.14740058614045645     
   6.8067840827778845        6.8983563261404922E-004 -0.14310105239762080     
  0.10471975511965977       -7.4801180200952417E-014 -0.32598022620143285     
  0.31415926535897931       -5.2719764906866923E-014 -0.56158993461026274     
  0.52359877559829882       -4.0336346914751263E-014 -0.58853138120277804     
  0.73303828583761832       -3.2436563897624085E-014 -0.57460481925892337     
  0.94247779607693793       -2.6484189763732042E-014 -0.54745079554790854     
   1.1519173063162573       -2.1612945554271578E-014 -0.51561278337075223     
   1.3613568165555769       -1.8522735176506829E-014 -0.48303096280459629     
   1.5707963267948966       -1.5319966219790123E-014 -0.45160848556786948     
   1.7802358370342160       -1.3198562400463855E-014 -0.42220635655862554     
   1.9896753472735356       -1.1110408438426909E-014 -0.39514089037159672     
   2.1991148575128552       -9.8920123746007156E-015 -0.37044573844847245     
   2.4085543677521746       -8.4156881433227709E-015 -0.34801325443149822     
   2.6179938779914940       -7.5478400955062026E-015 -0.32767162015438106     
   2.8274333882308138       -6.6607602946422553E-015 -0.30922671531869289     
   3.0368728984701332       -5.8008492167013124E-015 -0.29248427641308844     
   3.2463124087094526       -5.2779909315659128E-015 -0.27726097500823355     
   3.4557519189487724       -4.7854102547090402E-015 -0.26338930772934416     
   3.6651914291880918       -4.3184620760829096E-015 -0.25071909701616280     
   3.8746309394274112       -3.9094196338874951E-015 -0.23911720489966942     
   4.0840704496667311       -3.5343578195947895E-015 -0.22846637060849029     
   4.2935099599060500       -3.2842671385142753E-015 -0.21866368205446707     
   4.5029494701453698       -2.9402443496721406E-015 -0.20961895929868229     
   4.7123889803846897       -2.7105370141025108E-015 -0.20125319464473362     
   4.9218284906240086       -2.4794554016766772E-015 -0.19349711808136882     
   5.1312680008633285       -2.3067824879661710E-015 -0.18628991442313483     
   5.3407075111026483       -2.1525400564794444E-015 -0.17957809560494278     
   5.5501470213419672       -1.9812742693171777E-015 -0.17331451991232152     
   5.7595865315812871       -1.8498782512421107E-015 -0.16745754462588092     
   5.9690260418206069       -1.7382276749976043E-015 -0.16197029679022215     
   6.1784655520599259       -1.6217666693967507E-015 -0.15682004693491433     
   6.3879050622992457       -1.5572021713032106E-015 -0.15197767162877704     
   6.5973445725385655       -1.4371283885322821E-015 -0.14741719220079166     
   6.8067840827778845       -1.3583207645571615E-015 -0.14311537851611664     
  0.10471975511965977        3.5862768264804493E-014 -0.38999212020427110     
  0.31415926535897931        2.3288030283371644E-014 -0.59837870025982920     
  0.52359877559829882        1.7046863911869280E-014 -0.60712460938824531     
  0.73303828583761832        1.3024738535284156E-014 -0.58592807510460854     
  0.94247779607693793        9.9330378668829240E-015 -0.55471133423415553     
   1.1519173063162573        8.7562223875137838E-015 -0.52033796930641452     
   1.3613568165555769        7.0237948714232664E-015 -0.48614512642725732     
   1.5707963267948966        5.5969635473826710E-015 -0.45369246863571616     
   1.7802358370342160        4.6668844039081303E-015 -0.42362510731259151     
   1.9896753472735356        4.2849095950423978E-015 -0.39612417780517023     
   2.1991148575128552        3.5383429331552930E-015 -0.37113940722097721     
   2.4085543677521746        3.0016667248050495E-015 -0.34851103830003938     
   2.6179938779914940        2.7594759119576652E-015 -0.32803466102643059     
   2.8274333882308138        2.2906032317194233E-015 -0.30949553353990772     
   3.0368728984701332        2.1376827566213505E-015 -0.29268616130342195     
   3.2463124087094526        1.8813599212651206E-015 -0.27741459803911495     
   3.4557519189487724        1.7674402441751794E-015 -0.26350764041352887     
   3.6651914291880918        1.3913238216778683E-015 -0.25081128312853723     
   3.8746309394274112        1.3371144174590255E-015 -0.23918977953114995     
   4.0840704496667311        1.2343420012207795E-015 -0.22852406560441549     
   4.2935099599060500        1.1116331132265804E-015 -0.21870996581902000     
   4.5029494701453698        9.8236348074925932E-016 -0.20965640358724341     
   4.7123889803846897        9.7388618102728705E-016 -0.20128372710581971     
   4.9218284906240086        8.5038375549663718E-016 -0.19352219833677112     
   5.1312680008633285        8.2146972717852741E-016 -0.18631065831355459     
   5.3407075111026483        7.8190732430880787E-016 -0.17959536386083161     
   5.5501470213419672        7.0087867426977720E-016 -0.17332898212040804     
   5.7595865315812871        6.6009332770376932E-016 -0.16746972584696956     
   5.9690260418206069        5.7435996741799420E-016 -0.16198061186326349     
   6.1784655520599259        5.4673732994732300E-016 -0.15682882595206363     
   6.3879050622992457        5.2198592639651826E-016 -0.15198517901870248     
   6.5973445725385655        4.7059539186255201E-016 -0.14742364114215856     
   6.8067840827778845        5.1054373042160023E-016 -0.14312094190943483     
  0.10471975511965977        8.0550361728014536E-014 -0.46393532089008460     
  0.31415926535897931        4.9938493817325266E-014 -0.62849051804103162     
  0.52359877559829882        3.7991005939040533E-014 -0.62051405468943843     
  0.73303828583761832        3.0561043924710603E-014 -0.59356465385992530     
  0.94247779607693793        2.5721933712462370E-014 -0.55939365124963769     
   1.1519173063162573        2.0961180932158440E-014 -0.52328914337814492     
   1.3613568165555769        1.7386203847886496E-014 -0.48804585390570654     
   1.5707963267948966        1.4672244115033539E-014 -0.45494344670821235     
   1.7802358370342160        1.2344954431510188E-014 -0.42446646230367552     
   1.9896753472735356        1.0878934130734825E-014 -0.39670203750663774     
   2.1991148575128552        9.3038192889013178E-015 -0.37154426867685991     
   2.4085543677521746        8.2388724166644414E-015 -0.34880002147538713     
   2.6179938779914940        7.1612957837192849E-015 -0.32824452598639192     
   2.8274333882308138        6.1639749519375250E-015 -0.30965039422266366     
   3.0368728984701332        5.6615705562745075E-015 -0.29280212986285897     
   3.2463124087094526        4.9650220418335447E-015 -0.27750262999621977     
   3.4557519189487724        4.4949878461861207E-015 -0.26357530881509877     
   3.6651914291880918        4.0608045244737880E-015 -0.25086390446797247     
   3.8746309394274112        3.6378302130472057E-015 -0.23923114056759459     
   4.0840704496667311        3.3327268369450460E-015 -0.22855690028125464     
   4.2935099599060500        3.0261538236556514E-015 -0.21873627311263116     
   4.5029494701453698        2.7406064452889168E-015 -0.20967766248904154     
   4.7123889803846897        2.6353755588163756E-015 -0.20130104407029392     
   4.9218284906240086        2.3773541340848246E-015 -0.19353640975014638     
   5.1312680008633285        2.1994889839458913E-015 -0.18632240259377172     
   5.3407075111026483        2.0335958330544506E-015 -0.17960513278678292     
   5.5501470213419672        1.8375099289220979E-015 -0.17333715778015907     
   5.7595865315812871        1.7825543167745412E-015 -0.16747660751299362     
   5.9690260418206069        1.6692324378747488E-015 -0.16198643573446508     
   6.1784655520599259        1.5434872150472791E-015 -0.15683377979162461     
   6.3879050622992457        1.4483645072632720E-015 -0.15198941310356637     
   6.5973445725385655        1.3875133652094790E-015 -0.14742727652221596     
   6.8067840827778845        1.2726724802034168E-015 -0.14312407668700236     
  0.10471975511965977       -4.3547216555045339E-014 -0.54895675692615864     
  0.31415926535897931       -2.9790054850624475E-014 -0.65404121467430099     
  0.52359877559829882       -2.3413878421669561E-014 -0.63096326362789246     
  0.73303828583761832       -1.9096593243406472E-014 -0.59923671052560479     
  0.94247779607693793       -1.5022351189404757E-014 -0.56274934247076958     
   1.1519173063162573       -1.2172244762965071E-014 -0.52535162681722380     
   1.3613568165555769       -1.0116557877643556E-014 -0.48935094414256325     
   1.5707963267948966       -8.4174782973593733E-015 -0.45579161582265132     
   1.7802358370342160       -7.1909393110275562E-015 -0.42503163000853439     
   1.9896753472735356       -6.2083103834484069E-015 -0.39708747677403994     
   2.1991148575128552       -5.4741230252725547E-015 -0.37181282337422583     
   2.4085543677521746       -4.6636296192782361E-015 -0.34899085156146459     
   2.6179938779914940       -4.3827204760193411E-015 -0.32838259181879936     
   2.8274333882308138       -3.7696222609226883E-015 -0.30975194831492192     
   3.0368728984701332       -3.2389647431760562E-015 -0.29287796790825110     
   3.2463124087094526       -3.0208218649343866E-015 -0.27756005743671036     
   3.4557519189487724       -2.6524486877971759E-015 -0.26361935534295960     
   3.6651914291880918       -2.4256845651678881E-015 -0.25089808896768334     
   3.8746309394274112       -2.0964615563843667E-015 -0.23925796192718435     
   4.0840704496667311       -1.9905306025956548E-015 -0.22857815785174504     
   4.2935099599060500       -1.8221427749679998E-015 -0.21875327939359823     
   4.5029494701453698       -1.6167316965954093E-015 -0.20969138646905952     
   4.7123889803846897       -1.4823219870984207E-015 -0.20131220923289903     
   4.9218284906240086       -1.4512825850123334E-015 -0.19354556199513079     
   5.1312680008633285       -1.3171750092001244E-015 -0.18632995791023435     
   5.3407075111026483       -1.2234013530992910E-015 -0.17961141111608653     
   5.5501470213419672       -1.1862503116090343E-015 -0.17334240734114459     
   5.7595865315812871       -1.0144167920978541E-015 -0.16748102246190799     
   5.9690260418206069       -1.0141456795834701E-015 -0.16199016911461286     
   6.1784655520599259       -9.1110768166369577E-016 -0.15683695311917539     
   6.3879050622992457       -8.5248942507998288E-016 -0.15199212352687763     
   6.5973445725385655       -7.4732214746310940E-016 -0.14742960221430740     
   6.8067840827778845       -7.5048687347607462E-016 -0.14312608093982684     
