  0.10471975511965977      -0.33460355719932577      -0.28292522449149921     
  0.31415926535897931      -0.12232947113547676      -0.51377217576350731     
  0.52359877559829882       -3.1158355560286313E-002 -0.55756871799448993     
  0.73303828583761832        5.8852637367019691E-004 -0.55353094031024663     
  0.94247779607693793        1.0558032777800460E-002 -0.53298720240771469     
   1.1519173063162573        1.2649357043756627E-002 -0.50577958467119422     
   1.3613568165555769        1.2009353010871204E-002 -0.47636856471463873     
   1.5707963267948966        1.0572560346167475E-002 -0.44707222752658421     
   1.7802358370342160        9.0498090039240163E-003 -0.41908473293923182     
   1.9896753472735356        7.6786076681159224E-003 -0.39296292692176932     
   2.1991148575128552        6.5157971879248582E-003 -0.36890291849367546     
   2.4085543677521746        5.5531495059421253E-003 -0.34690328030290207     
   2.6179938779914940        4.7627011326368176E-003 -0.32686082342349693     
   2.8274333882308138        4.1138834581071022E-003 -0.30862576842332329     
   3.0368728984701332        3.5793643443811523E-003 -0.29203269224987671     
   3.2463124087094526        3.1364779178800462E-003 -0.27691722110728595     
   3.4557519189487724        2.7670402644969861E-003 -0.26312446363063513     
   3.6651914291880918        2.4566722580915950E-003 -0.25051274555397052     
   3.8746309394274112        2.1940595062071204E-003 -0.23895473955863350     
   4.0840704496667311        1.9702968661803877E-003 -0.22833720863131801     
   4.2935099599060500        1.7783529095311322E-003 -0.21856006326780605     
   4.5029494701453698        1.6126484239361780E-003 -0.20953512825202483     
   4.7123889803846897        1.4687305600990543E-003 -0.20118483671492024     
   4.9218284906240086        1.3430228899907874E-003 -0.19344096593568769     
   5.1312680008633285        1.2326341088199819E-003 -0.18624347015604625     
   5.3407075111026483        1.1352114475702470E-003 -0.17953943235146458     
   5.5501470213419672        1.0488279829785169E-003 -0.17328213869468159     
   5.7595865315812871        9.7189561751010671E-004 -0.16743027000797125     
   5.9690260418206069        9.0309752950129974E-004 -0.16194720008647218     
  0.10471975511965977      -0.27909542152937589      -0.36303707502954130     
  0.31415926535897931       -5.4367460715507493E-002 -0.55599263484793737     
  0.52359877559829882       -3.4383132214595102E-003 -0.58261439777827961     
  0.73303828583761832        8.0406317842848830E-003 -0.57157493260921122     
  0.94247779607693793        1.0192443528366032E-002 -0.54588028114448761     
   1.1519173063162573        9.6993142795791156E-003 -0.51473517961314363     
   1.3613568165555769        8.4920894063550117E-003 -0.48250890594506451     
   1.5707963267948966        7.2124463747989427E-003 -0.45128314132628022     
   1.7802358370342160        6.0667844524968434E-003 -0.42199603033259531     
   1.9896753472735356        5.1025970689788872E-003 -0.39500064128009038     
   2.1991148575128552        4.3111300949766652E-003 -0.37034963436920104     
   2.4085543677521746        3.6669742775806403E-003 -0.34794577682145089     
   2.6179938779914940        3.1429134868644097E-003 -0.32762319521189137     
   2.8274333882308138        2.7149040196334439E-003 -0.30919127473758828     
   3.0368728984701332        2.3632096800036573E-003 -0.29245787751501179     
   3.2463124087094526        2.0721489014060060E-003 -0.27724099707419014     
   3.4557519189487724        1.8294365884521161E-003 -0.26337397171180404     
   3.6651914291880918        1.6254932138866870E-003 -0.25070717160910588     
   3.8746309394274112        1.4528446951279914E-003 -0.23910782260343050     
   4.0840704496667311        1.3056388466102793E-003 -0.22845891018641140     
   4.2935099599060500        1.1792691855047894E-003 -0.21865769192135148     
   4.5029494701453698        1.0700871078123120E-003 -0.20961410665675023     
   4.7123889803846897        9.7518322751299056E-004 -0.20124923112668955     
   4.9218284906240086        8.9222152183816936E-004 -0.19349385616786821     
   5.1312680008633285        8.1931331768767771E-004 -0.18628721101232079     
   5.3407075111026483        7.5492119573282554E-004 -0.17957584040511171     
   5.5501470213419672        6.9778534961477965E-004 -0.17331262713548187     
   5.7595865315812871        6.4686683493330463E-004 -0.16745594697182978     
   5.9690260418206069        6.0130356980428110E-004 -0.16196894104062814     
  0.10471975511965977      -0.22896299773972889      -0.44782944900753652     
  0.31415926535897931       -1.2446324454903540E-002 -0.58956013061409951     
  0.52359877559829882        8.5389652503647922E-003 -0.60047750249392384     
  0.73303828583761832        9.2872152427236464E-003 -0.58231577827626824     
  0.94247779607693793        8.1993144019215525E-003 -0.55255208017085589     
   1.1519173063162573        6.9822449102308814E-003 -0.51896835389843066     
   1.3613568165555769        5.8606866445104792E-003 -0.48525105961157505     
   1.5707963267948966        4.8929564532039513E-003 -0.45309714976599963     
   1.7802358370342160        4.0875306539182327E-003 -0.42322126956822681     
   1.9896753472735356        3.4297778265282752E-003 -0.39584503299353496     
   2.1991148575128552        2.8968654490528004E-003 -0.37094280896857734     
   2.4085543677521746        2.4655347647341546E-003 -0.34837004515604625     
   2.6179938779914940        2.1153092403642690E-003 -0.32793179589498778     
   2.8274333882308138        1.8293355007421496E-003 -0.30941927402882241     
   3.0368728984701332        1.5941995815836462E-003 -0.29262878186726798     
   3.2463124087094526        1.3993966536936186E-003 -0.27737083096744475     
   3.4557519189487724        1.2367534550833982E-003 -0.26347383467441809     
   3.6651914291880918        1.0999159253365929E-003 -0.25078486839218811     
   3.8746309394274112        9.8393135225294096E-004 -0.23916891941900245     
   4.0840704496667311        8.8492123057947228E-004 -0.22850742985619074     
   4.2935099599060500        7.9983035232889844E-004 -0.21869657828502731     
   4.5029494701453698        7.2623621827018318E-004 -0.20964553929317034     
   4.7123889803846897        6.6220475405632400E-004 -0.20127484154952968     
   4.9218284906240086        6.0618102814551913E-004 -0.19351487826345620     
   5.1312680008633285        5.5690624209396079E-004 -0.18630458700381003     
   5.3407075111026483        5.1335440073314875E-004 -0.17959029635611121     
   5.5501470213419672        4.7468373976727407E-004 -0.17332472733934293     
   5.7595865315812871        4.4019925331273803E-004 -0.16746613353742801     
   5.9690260418206069        4.0932360639952772E-004 -0.16197756298651894     
  0.10471975511965977      -0.18184708104387576      -0.53667379914684210     
  0.31415926535897931        1.2301047877973800E-002 -0.61526446260189926     
  0.52359877559829882        1.2163858546296247E-002 -0.61428237737246361     
  0.73303828583761832        7.5038243169075853E-003 -0.59060198584407908     
  0.94247779607693793        5.4350045923539170E-003 -0.55767775288699906     
   1.1519173063162573        4.3749811199480185E-003 -0.52221312329923941     
   1.3613568165555769        3.6480179820430943E-003 -0.48735181662152133     
   1.5707963267948966        3.0691733316798122E-003 -0.45448754148820936     
   1.7802358370342160        2.5906707228206339E-003 -0.42416131723106049     
   1.9896753472735356        2.1947187781919553E-003 -0.39649364605159715     
   2.1991148575128552        1.8686031448780387E-003 -0.37139899976933816     
   2.4085543677521746        1.6006604873058698E-003 -0.34869670903302313     
   2.6179938779914940        1.3803464991893161E-003 -0.32816965130968245     
   2.8274333882308138        1.1985986185786889E-003 -0.30959517162484818     
   3.0368728984701332        1.0479193139690407E-003 -0.29276074270314084     
   3.2463124087094526        9.2225026677176657E-004 -0.27747115476386841     
   3.4557519189487724        8.1675920599101745E-004 -0.26355105057786177     
   3.6651914291880918        7.2761454186469647E-004 -0.25084498002489825     
   3.8746309394274112        6.5178216911617706E-004 -0.23921621254635028     
   4.0840704496667311        5.8685554154156100E-004 -0.22854500457680627     
   4.2935099599060500        5.3091911663709628E-004 -0.21872670498058336     
   4.5029494701453698        4.8244097138630472E-004 -0.20966990011114858     
   4.7123889803846897        4.4018931429487811E-004 -0.20129469645592046     
   4.9218284906240086        4.0316791040256205E-004 -0.19353118069695696     
   5.1312680008633285        3.7056619689121667E-004 -0.18631806540922691     
   5.3407075111026483        3.4172069778052282E-004 -0.17960151232580218     
   5.5501470213419672        3.1608509095243901E-004 -0.17333411752567643     
   5.7595865315812871        2.9320689440920968E-004 -0.16747404017771131     
   5.9690260418206069        2.7270922297202528E-004 -0.16198425635122526     
  0.10471975511965977      -0.13967482185052182      -0.63025539486974480     
  0.31415926535897931        2.6192682793943042E-002 -0.65258522334051072     
  0.52359877559829882        1.2139808591133719E-002 -0.62856087995544596     
  0.73303828583761832        4.7288353154437829E-003 -0.59612010200216359     
  0.94247779607693793        2.5670370829186545E-003 -0.55999514426880936     
   1.1519173063162573        1.9640740554413834E-003 -0.52329543590408134     
   1.3613568165555769        1.7225036068966174E-003 -0.48791237956153660     
   1.5707963267948966        1.5436287051033212E-003 -0.45480449088398350     
   1.7802358370342160        1.3729796620361092E-003 -0.42435329872954919     
   1.9896753472735356        1.2100199486717055E-003 -0.39661619221302891     
   2.1991148575128552        1.0606899950917823E-003 -0.37148042487207295     
   2.4085543677521746        9.2830365946053165E-004 -0.34875254125416644     
   2.6179938779914940        8.1335217870239385E-004 -0.32820892517956668     
   2.8274333882308138        7.1468158984891873E-004 -0.30962339609733913     
   3.0368728984701332        6.3043421194695665E-004 -0.29278140464829766     
   3.2463124087094526        5.5859538341950540E-004 -0.27748652876698154     
   3.4557519189487724        4.9726180299797132E-004 -0.26356265794936162     
   3.6651914291880918        4.4474980247802704E-004 -0.25085386008863836     
   3.8746309394274112        3.9962118217475479E-004 -0.23922308857114308     
   4.0840704496667311        3.6067077366947777E-004 -0.22855038819336637     
   4.2935099599060500        3.2689896420789425E-004 -0.21873096348356127     
   4.5029494701453698        2.9748062745689431E-004 -0.20967330074329149     
   4.7123889803846897        2.7173563966614433E-004 -0.20129743607878811     
   4.9218284906240086        2.4910297843336933E-004 -0.19353340599399002     
   5.1312680008633285        2.2911886616223240E-004 -0.18631988684455586     
   5.3407075111026483        2.1139873602915566E-004 -0.17960301391834702     
   5.5501470213419672        1.9562253907853792E-004 -0.17333536377796205     
   5.7595865315812871        1.8152285459191277E-004 -0.16747508104426925     
   5.9690260418206069        1.6887529879783172E-004 -0.16198513083960389     
