     0.1047197551     1.0455851725     0.2390374344
     0.3141592654     0.9979528532     0.4680026746
     0.5235987756     1.0003813278     0.6734631768
     0.7330382858     1.0033055607     0.8754562011
     0.9424777961     1.0043372511     1.0761422513
     1.1519173063     1.0043922212     1.2765164871
     1.3613568166     1.0040645623     1.4771555089
     1.5707963268     1.0036254609     1.6783605810
     1.7802358370     1.0031861786     1.8802555548
     1.9896753473     1.0027872525     2.0828618336
     2.1991148575     1.0024393650     2.2861477081
     2.4085543678     1.0021412821     2.4900575498
     2.6179938780     1.0018875787     2.6945278820
     2.8274333882     1.0016718780     2.8994956648
     3.0368728985     1.0014881297     3.1049022030
     3.2463124087     1.0013310397     3.3106946864
     3.4557519189     1.0011961452     3.5168265025
     3.6651914292     1.0010797507     3.7232569512
     3.8746309394     1.0009788208     3.9299506991
     4.0840704497     1.0008908690     4.1368771528
     4.2935099599     1.0008138574     4.3440098389
     4.5029494701     1.0007461121     4.5513258333
     4.7123889804     1.0006862531     4.7588052535
     4.9218284906     1.0006331384     4.9664308180
     5.1312680009     1.0005858184     5.1741874682
     5.3407075111     1.0005435000     5.3820620463
     5.5501470213     1.0005055180     5.5900430221
     5.7595865316     1.0004713112     5.7981202620
     5.9690260418     1.0004404047     6.0062848334
     6.1784655521     1.0004123943     6.2145288394
     6.3879050623     1.0003869350     6.4228452786
     6.5973445725     1.0003637305     6.6312279255
     6.8067840828     1.0003425260     6.8396712297
     7.0162235930     1.0003231010     7.0481702294
     7.2256631033     1.0003052641     7.2567204772
     7.4351026135     1.0002888488     7.4653179768
     7.6445421237     1.0002737095     7.6739591287
     7.8539816340     1.0002597187     7.8826406830
     8.0634211442     1.0002467642     8.0913596991
     8.2728606545     1.0002347470     8.3001135098
     8.4823001647     1.0002235796     8.5088996917
     8.6917396749     1.0002131843     8.7177160375
     8.9011791852     1.0002034921     8.9265605336
     9.1106186954     1.0001944416     9.1354313392
     9.3200582056     1.0001859776     9.3443267684
     9.5294977159     1.0001780509     9.5532452747
     9.7389372261     1.0001706173     9.7621854368
     9.9483767364     1.0001636369     9.9711459464
    10.1578162466     1.0001570738    10.1801255977
    10.3672557568     1.0001508957    10.3891232770
    10.5766952671     1.0001450731    10.5981379545
    10.7861347773     1.0001395794    10.8071686770
    10.9955742876     1.0001343905    11.0162145602
    11.2050137978     1.0001294843    11.2252747832
    11.4144533080     1.0001248407    11.4343485828
    11.6238928183     1.0001204414    11.6434352487
    11.8333323285     1.0001162697    11.8525341186
    12.0427718388     1.0001123101    12.0616445750
    12.2522113490     1.0001085486    12.2707660406
    12.4616508592     1.0001049723    12.4798979759
    12.6710903695     1.0001015692    12.6890398756
    12.8805298797     1.0000983283    12.8981912663
    13.0899693900     1.0000952396    13.1073517041
    13.2994089002     1.0000922937    13.3165207719
    13.5088484104     1.0000894819    13.5256980777
    13.7182879207     1.0000867963    13.7348832531
    13.9277274309     1.0000842295    13.9440759508
    14.1371669412     1.0000817745    14.1532758438
    14.3466064514     1.0000794250    14.3624826236
    14.5560459616     1.0000771750    14.5716959990
    14.7654854719     1.0000750191    14.7809156948
    14.9749249821     1.0000729520    14.9901414511
    15.1843644924     1.0000709690    15.1993730217
    15.3938040026     1.0000690655    15.4086101736
    15.6032435128     1.0000672374    15.6178526861
    15.8126830231     1.0000654808    15.8271003499
    16.0221225333     1.0000637920    16.0363529663
    16.2315620435     1.0000621675    16.2456103469
    16.4410015538     1.0000606041    16.4548723124
    16.6504410640     1.0000590989    16.6641386925
    16.8598805743     1.0000576490    16.8734093252
    17.0693200845     1.0000562516    17.0826840563
    17.2787595947     1.0000549044    17.2919627389
    17.4881991050     1.0000536048    17.5012452331
    17.6976386152     1.0000523508    17.7105314054
    17.9070781255     1.0000511402    17.9198211285
    18.1165176357     1.0000499711    18.1291142809
    18.3259571459     1.0000488415    18.3384107464
    18.5353966562     1.0000477497    18.5477104143
    18.7448361664     1.0000466941    18.7570131785
    18.9542756767     1.0000456730    18.9663189375
    19.1637151869     1.0000446850    19.1756275944
    19.3731546971     1.0000437287    19.3849390562
    19.5825942074     1.0000428026    19.5942532341
    19.7920337176     1.0000419057    19.8035700426
    20.0014732279     1.0000410366    20.0128894000
    20.2109127381     1.0000401942    20.2222112280
    20.4203522483     1.0000393775    20.4315354514
    20.6297917586     1.0000385854    20.6408619978
    20.8392312688     1.0000378169    20.8501907980
    21.0486707791     1.0000370711    21.0595217853
    21.2581102893     1.0000363471    21.2688548958
    21.4675497995     1.0000356441    21.4781900678
    21.6769893098     1.0000349613    21.6875272421
    21.8864288200     1.0000342979    21.8968663619
    22.0958683302     1.0000336532    22.1062073722
    22.3053078405     1.0000330264    22.3155502203
    22.5147473507     1.0000324170    22.5248948553
    22.7241868610     1.0000318243    22.7342412282
    22.9336263712     1.0000312477    22.9435892918
    23.1430658814     1.0000306866    23.1529390006
    23.3525053917     1.0000301404    23.3622903107
    23.5619449019     1.0000296087    23.5716431796
    23.7713844122     1.0000290909    23.7809975665
    23.9808239224     1.0000285866    23.9903534320
    24.1902634326     1.0000280952    24.1997107378
    24.3997029429     1.0000276164    24.4090694473
    24.6091424531     1.0000271497    24.6184295248
    24.8185819634     1.0000266948    24.8277909358
    25.0280214736     1.0000262512    25.0371536473
    25.2374609838     1.0000258185    25.2465176269
    25.4469004941     1.0000253964    25.4558828436
    25.6563400043     1.0000249846    25.6652492674
    25.8657795146     1.0000245827    25.8746168690
    26.0752190248     1.0000241905    26.0839856203
    26.2846585350     1.0000238075    26.2933554940
    26.4940980453     1.0000234335    26.5027264636
    26.7035375555     1.0000230683    26.7120985034
    26.9129770658     1.0000227116    26.9214715888
    27.1224165760     1.0000223630    27.1308456954
    27.3318560862     1.0000220224    27.3402208001
    27.5412955965     1.0000216895    27.5495968802
    27.7507351067     1.0000213642    27.7589739137
    27.9601746169     1.0000210460    27.9683518793
    28.1696141272     1.0000207349    28.1777307564
    28.3790536374     1.0000204307    28.3871105248
    28.5884931477     1.0000201331    28.5964911651
    28.7979326579     1.0000198420    28.8058726584
    29.0073721681     1.0000195571    29.0152549862
    29.2168116784     1.0000192783    29.2246381308
    29.4262511886     1.0000190054    29.4340220747
    29.6356906989     1.0000187383    29.6434068012
    29.8451302091     1.0000184767    29.8527922937
    30.0545697193     1.0000182206    30.0621785364
    30.2640092296     1.0000179698    30.2715655138
    30.4734487398     1.0000177241    30.4809532108
    30.6828882501     1.0000174835    30.6903416127
    30.8923277603     1.0000172476    30.8997307052
    31.1017672705     1.0000170166    31.1091204745
    31.3112067808     1.0000167901    31.3185109071
    31.5206462910     1.0000165681    31.5279019897
    31.7300858013     1.0000163505    31.7372937096
    31.9395253115     1.0000161372    31.9466860542
    32.1489648217     1.0000159280    32.1560790115
    32.3584043320     1.0000157228    32.3654725695
    32.5678438422     1.0000155216    32.5748667168
    32.7772833525     1.0000153242    32.7842614421
    32.9867228627     1.0000151305    32.9936567343
    33.1961623729     1.0000149405    33.2030525829
    33.4056018832     1.0000147540    33.4124489774
    33.6150413934     1.0000145711    33.6218459076
    33.8244809037     1.0000143915    33.8312433636
    34.0339204139     1.0000142152    34.0406413358
    34.2433599241     1.0000140421    34.2500398147
    34.4527994344     1.0000138721    34.4594387911
    34.6622389446     1.0000137052    34.6688382560
    34.8716784548     1.0000135413    34.8782382007
    35.0811179651     1.0000133804    35.0876386165
    35.2905574753     1.0000132223    35.2970394952
    35.4999969856     1.0000130669    35.5064408286
    35.7094364958     1.0000129143    35.7158426086
    35.9188760060     1.0000127644    35.9252448275
    36.1283155163     1.0000126170    36.1346474777
    36.3377550265     1.0000124722    36.3440505518
    36.5471945368     1.0000123298    36.5534540425
    36.7566340470     1.0000121899    36.7628579427
    36.9660735572     1.0000120524    36.9722622454
    37.1755130675     1.0000119171    37.1816669440
    37.3849525777     1.0000117841    37.3910720316
    37.5943920880     1.0000116534    37.6004775020
    37.8038315982     1.0000115248    37.8098833486
    38.0132711084     1.0000113983    38.0192895654
    38.2227106187     1.0000112739    38.2286961462
    38.4321501289     1.0000111515    38.4381030852
    38.6415896392     1.0000110311    38.6475103764
    38.8510291494     1.0000109126    38.8569180143
    39.0604686596     1.0000107960    39.0663259933
    39.2699081699     1.0000106813    39.2757343079
    39.4793476801     1.0000105684    39.4851429528
    39.6887871904     1.0000104573    39.6945519228
    39.8982267006     1.0000103479    39.9039612127
    40.1076662108     1.0000102402    40.1133708177
    40.3171057211     1.0000101342    40.3227807327
    40.5265452313     1.0000100299    40.5321909530
    40.7359847415     1.0000099271    40.7416014740
    40.9454242518     1.0000098259    40.9510122909
    41.1548637620     1.0000097263    41.1604233993
    41.3643032723     1.0000096281    41.3698347948
    41.5737427825     1.0000095315    41.5792464730
    41.7831822927     1.0000094363    41.7886584297
    41.9926218030     1.0000093425    41.9980706608
    42.2020613132     1.0000092501    42.2074831622
    42.4115008235     1.0000091590    42.4168959298
    42.6209403337     1.0000090693    42.6263089597
    42.8303798439     1.0000089809    42.8357222482
    43.0398193542     1.0000088938    43.0451357915
    43.2492588644     1.0000088080    43.2545495858
    43.4586983747     1.0000087234    43.4639636276
    43.6681378849     1.0000086400    43.6733779132
    43.8775773951     1.0000085578    43.8827924393
    44.0870169054     1.0000084767    44.0922072023
    44.2964564156     1.0000083968    44.3016221990
    44.5058959259     1.0000083180    44.5110374260
    44.7153354361     1.0000082404    44.7204528801
    44.9247749463     1.0000081638    44.9298685582
    45.1342144566     1.0000080883    45.1392844570
    45.3436539668     1.0000080138    45.3487005737
    45.5530934771     1.0000079403    45.5581169052
    45.7625329873     1.0000078679    45.7675334484
    45.9719724975     1.0000077964    45.9769502007
    46.1814120078     1.0000077259    46.1863671590
    46.3908515180     1.0000076564    46.3957843207
    46.6002910282     1.0000075878    46.6052016829
    46.8097305385     1.0000075201    46.8146192430
    47.0191700487     1.0000074533    47.0240369985
    47.2286095590     1.0000073874    47.2334549465
    47.4380490692     1.0000073223    47.4428730847
    47.6474885794     1.0000072582    47.6522914106
    47.8569280897     1.0000071948    47.8617099215
    48.0663675999     1.0000071323    48.0711286153
    48.2758071102     1.0000070706    48.2805474894
    48.4852466204     1.0000070097    48.4899665415
    48.6946861306     1.0000069496    48.6993857694
    48.9041256409     1.0000068902    48.9088051707
    49.1135651511     1.0000068316    49.1182247434
    49.3230046614     1.0000067738    49.3276444851
    49.5324441716     1.0000067167    49.5370643938
    49.7418836818     1.0000066603    49.7464844673
    49.9513231921     1.0000066046    49.9559047037
    50.1607627023     1.0000065496    50.1653251007
    50.3702022126     1.0000064952    50.3747456566
    50.5796417228     1.0000064416    50.5841663691
    50.7890812330     1.0000063886    50.7935872366
    50.9985207433     1.0000063363    51.0030082569
    51.2079602535     1.0000062846    51.2124294283
    51.4173997638     1.0000062335    51.4218507490
    51.6268392740     1.0000061831    51.6312722170
    51.8362787842     1.0000061333    51.8406938307
    52.0457182945     1.0000060840    52.0501155882
    52.2551578047     1.0000060354    52.2595374879
    52.4645973149     1.0000059873    52.4689595280
    52.6740368252     1.0000059399    52.6783817069
    52.8834763354     1.0000058929    52.8878040228
    53.0929158457     1.0000058466    53.0972264743
    53.3023553559     1.0000058007    53.3066490597
    53.5117948661     1.0000057554    53.5160717775
    53.7212343764     1.0000057107    53.7254946260
    53.9306738866     1.0000056664    53.9349176038
    54.1401133969     1.0000056227    54.1443407093
    54.3495529071     1.0000055795    54.3537639412
    54.5589924173     1.0000055368    54.5631872979
    54.7684319276     1.0000054945    54.7726107780
    54.9778714378     1.0000054528    54.9820343801
    55.1873109481     1.0000054115    55.1914581028
    55.3967504583     1.0000053707    55.4008819448
    55.6061899685     1.0000053303    55.6103059047
    55.8156294788     1.0000052904    55.8197299812
    56.0250689890     1.0000052509    56.0291541729
    56.2345084993     1.0000052119    56.2385784786
    56.4439480095     1.0000051733    56.4480028971
    56.6533875197     1.0000051352    56.6574274270
    56.8628270300     1.0000050974    56.8668520671
    57.0722665402     1.0000050601    57.0762768163
    57.2817060505     1.0000050232    57.2857016734
    57.4911455607     1.0000049867    57.4951266371
    57.7005850709     1.0000049506    57.7045517062
    57.9100245812     1.0000049149    57.9139768798
    58.1194640914     1.0000048795    58.1234021565
    58.3289036017     1.0000048446    58.3328275354
    58.5383431119     1.0000048100    58.5422530153
    58.7477826221     1.0000047758    58.7516785952
    58.9572221324     1.0000047419    58.9611042739
    59.1666616426     1.0000047084    59.1705300505
    59.3761011528     1.0000046753    59.3799559239
    59.5855406631     1.0000046425    59.5893818930
    59.7949801733     1.0000046100    59.7988079569
    60.0044196836     1.0000045779    60.0082341146
    60.2138591938     1.0000045461    60.2176603651
    60.4232987040     1.0000045147    60.4270867075
    60.6327382143     1.0000044836    60.6365131407
    60.8421777245     1.0000044528    60.8459396639
    61.0516172348     1.0000044223    61.0553662761
    61.2610567450     1.0000043921    61.2647929765
    61.4704962552     1.0000043623    61.4742197640
    61.6799357655     1.0000043327    61.6836466379
    61.8893752757     1.0000043034    61.8930735972
    62.0988147860     1.0000042745    62.1025006411
    62.3082542962     1.0000042458    62.3119277688
    62.5176938064     1.0000042174    62.5213549794
    62.7271333167     1.0000041893    62.7307822720
    62.9365728269     1.0000041615    62.9402096459
    63.1460123372     1.0000041339    63.1496371002
    63.3554518474     1.0000041067    63.3590646341
    63.5648913576     1.0000040797    63.5684922469
    63.7743308679     1.0000040529    63.7779199378
    63.9837703781     1.0000040264    63.9873477061
    64.1932098884     1.0000040002    64.1967755508
    64.4026493986     1.0000039743    64.4062034714
    64.6120889088     1.0000039485    64.6156314671
    64.8215284191     1.0000039231    64.8250595371
    65.0309679293     1.0000038979    65.0344876807
    65.2404074395     1.0000038729    65.2439158973
    65.4498469498     1.0000038481    65.4533441861
    65.6592864600     1.0000038236    65.6627725464
    65.8687259703     1.0000037994    65.8722009776
    66.0781654805     1.0000037753    66.0816294790
    66.2876049907     1.0000037515    66.2910580499
    66.4970445010     1.0000037279    66.5004866896
    66.7064840112     1.0000037046    66.7099153976
    66.9159235215     1.0000036814    66.9193441731
    67.1253630317     1.0000036585    67.1287730156
    67.3348025419     1.0000036358    67.3382019243
    67.5442420522     1.0000036133    67.5476308988
    67.7536815624     1.0000035910    67.7570599384
    67.9631210727     1.0000035689    67.9664890424
    68.1725605829     1.0000035470    68.1759182104
    68.3820000931     1.0000035253    68.3853474416
    68.5914396034     1.0000035039    68.5947767356
    68.8008791136     1.0000034826    68.8042060918
    69.0103186239     1.0000034615    69.0136355095
    69.2197581341     1.0000034406    69.2230649883
    69.4291976443     1.0000034198    69.4324945275
    69.6386371546     1.0000033993    69.6419241267
    69.8480766648     1.0000033790    69.8513537853
    70.0575161751     1.0000033588    70.0607835028
    70.2669556853     1.0000033388    70.2702132786
    70.4763951955     1.0000033190    70.4796431122
    70.6858347058     1.0000032994    70.6890730031
    70.8952742160     1.0000032799    70.8985029508
    71.1047137262     1.0000032606    71.1079329548
    71.3141532365     1.0000032415    71.3173630146
    71.5235927467     1.0000032226    71.5267931297
    71.7330322570     1.0000032038    71.7362232997
    71.9424717672     1.0000031851    71.9456535240
    72.1519112774     1.0000031667    72.1550838022
    72.3613507877     1.0000031484    72.3645141338
    72.5707902979     1.0000031303    72.5739445183
    72.7802298082     1.0000031123    72.7833749553
    72.9896693184     1.0000030944    72.9928054444
    73.1991088286     1.0000030768    73.2022359850
    73.4085483389     1.0000030592    73.4116665768
    73.6179878491     1.0000030419    73.6210972194
    73.8274273594     1.0000030246    73.8305279122
    74.0368668696     1.0000030076    74.0399586548
    74.2463063798     1.0000029906    74.2493894469
    74.4557458901     1.0000029738    74.4588202880
    74.6651854003     1.0000029572    74.6682511778
    74.8746249106     1.0000029406    74.8776821157
    75.0840644208     1.0000029243    75.0871131014
    75.2935039310     1.0000029080    75.2965441345
    75.5029434413     1.0000028919    75.5059752146
    75.7123829515     1.0000028760    75.7154063414
    75.9218224618     1.0000028601    75.9248375143
    76.1312619720     1.0000028444    76.1342687331
    76.3407014822     1.0000028288    76.3436999974
    76.5501409925     1.0000028134    76.5531313068
    76.7595805027     1.0000027980    76.7625626609
    76.9690200129     1.0000027828    76.9719940593
    77.1784595232     1.0000027678    77.1814255018
    77.3878990334     1.0000027528    77.3908569879
    77.5973385437     1.0000027380    77.6002885173
    77.8067780539     1.0000027233    77.8097200896
    78.0162175641     1.0000027087    78.0191517046
    78.2256570744     1.0000026942    78.2285833618
    78.4350965846     1.0000026798    78.4380150609
    78.6445360949     1.0000026656    78.6474468016
    78.8539756051     1.0000026514    78.8568785835
    79.0634151153     1.0000026374    79.0663104064
    79.2728546256     1.0000026235    79.2757422699
    79.4822941358     1.0000026097    79.4851741736
    79.6917336461     1.0000025960    79.6946061173
    79.9011731563     1.0000025824    79.9040381007
    80.1106126665     1.0000025689    80.1134701234
    80.3200521768     1.0000025555    80.3229021851
    80.5294916870     1.0000025423    80.5323342855
    80.7389311973     1.0000025291    80.7417664244
    80.9483707075     1.0000025160    80.9511986014
    81.1578102177     1.0000025031    81.1606308162
    81.3672497280     1.0000024902    81.3700630686
    81.5766892382     1.0000024774    81.5794953582
    81.7861287485     1.0000024648    81.7889276848
    81.9955682587     1.0000024522    81.9983600481
    82.2050077689     1.0000024397    82.2077924477
    82.4144472792     1.0000024273    82.4172248835
    82.6238867894     1.0000024150    82.6266573551
    82.8333262997     1.0000024029    82.8360898623
    83.0427658099     1.0000023908    83.0455224048
    83.2522053201     1.0000023787    83.2549549824
    83.4616448304     1.0000023668    83.4643875947
    83.6710843406     1.0000023550    83.6738202416
    83.8805238508     1.0000023432    83.8832529227
    84.0899633611     1.0000023316    84.0926856378
    84.2994028713     1.0000023200    84.3021183867
    84.5088423816     1.0000023085    84.5115511690
    84.7182818918     1.0000022971    84.7209839846
    84.9277214020     1.0000022858    84.9304168332
    85.1371609123     1.0000022746    85.1398497146
    85.3466004225     1.0000022635    85.3492826285
    85.5560399328     1.0000022524    85.5587155747
    85.7654794430     1.0000022414    85.7681485529
    85.9749189532     1.0000022305    85.9775815629
    86.1843584635     1.0000022197    86.1870146046
    86.3937979737     1.0000022089    86.3964476775
    86.6032374840     1.0000021983    86.6058807816
    86.8126769942     1.0000021877    86.8153139166
    87.0221165044     1.0000021772    87.0247470822
    87.2315560147     1.0000021667    87.2341802783
    87.4409955249     1.0000021564    87.4436135047
    87.6504350352     1.0000021461    87.6530467610
    87.8598745454     1.0000021358    87.8624800472
    88.0693140556     1.0000021257    88.0719133630
    88.2787535659     1.0000021156    88.2813467081
    88.4881930761     1.0000021056    88.4907800824
    88.6976325864     1.0000020957    88.7002134857
    88.9070720966     1.0000020858    88.9096469177
    89.1165116068     1.0000020760    89.1190803783
    89.3259511171     1.0000020663    89.3285138672
    89.5353906273     1.0000020567    89.5379473844
    89.7448301375     1.0000020471    89.7473809294
    89.9542696478     1.0000020376    89.9568145023
    90.1637091580     1.0000020281    90.1662481027
    90.3731486683     1.0000020187    90.3756817304
    90.5825881785     1.0000020094    90.5851153854
    90.7920276887     1.0000020001    90.7945490674
    91.0014671990     1.0000019910    91.0039827762
    91.2109067092     1.0000019818    91.2134165116
    91.4203462195     1.0000019728    91.4228502735
    91.6297857297     1.0000019637    91.6322840617
    91.8392252399     1.0000019548    91.8417178759
    92.0486647502     1.0000019459    92.0511517161
    92.2581042604     1.0000019371    92.2605855819
    92.4675437707     1.0000019283    92.4700194734
    92.6769832809     1.0000019196    92.6794533902
    92.8864227911     1.0000019110    92.8888873323
    93.0958623014     1.0000019024    93.0983212993
    93.3053018116     1.0000018939    93.3077552913
    93.5147413219     1.0000018854    93.5171893080
    93.7241808321     1.0000018770    93.7266233492
    93.9336203423     1.0000018686    93.9360574148
    94.1430598526     1.0000018603    94.1454915046
    94.3524993628     1.0000018521    94.3549256185
    94.5619388731     1.0000018439    94.5643597562
    94.7713783833     1.0000018357    94.7737939177
    94.9808178935     1.0000018277    94.9832281028
    95.1902574038     1.0000018196    95.1926623113
    95.3996969140     1.0000018116    95.4020965431
    95.6091364242     1.0000018037    95.6115307980
    95.8185759345     1.0000017958    95.8209650758
    96.0280154447     1.0000017880    96.0303993765
    96.2374549550     1.0000017802    96.2398336999
    96.4468944652     1.0000017725    96.4492680457
    96.6563339754     1.0000017648    96.6587024139
    96.8657734857     1.0000017572    96.8681368044
    97.0752129959     1.0000017497    97.0775712170
    97.2846525062     1.0000017421    97.2870056514
    97.4940920164     1.0000017347    97.4964401077
    97.7035315266     1.0000017272    97.7058745857
    97.9129710369     1.0000017198    97.9153090852
    98.1224105471     1.0000017125    98.1247436060
    98.3318500574     1.0000017052    98.3341781481
    98.5412895676     1.0000016980    98.5436127113
    98.7507290778     1.0000016908    98.7530472955
    98.9601685881     1.0000016836    98.9624819005
    99.1696080983     1.0000016765    99.1719165263
    99.3790476086     1.0000016695    99.3813511726
    99.5884871188     1.0000016625    99.5907858394
    99.7979266290     1.0000016555    99.8002205265
   100.0073661393     1.0000016486   100.0096552338
   100.2168056495     1.0000016417   100.2190899612
   100.4262451598     1.0000016349   100.4285247085
   100.6356846700     1.0000016281   100.6379594756
   100.8451241802     1.0000016213   100.8473942624
   101.0545636905     1.0000016146   101.0568290688
   101.2640032007     1.0000016079   101.2662638946
   101.4734427110     1.0000016013   101.4756987398
   101.6828822212     1.0000015947   101.6851336042
   101.8923217314     1.0000015882   101.8945684877
   102.1017612417     1.0000015816   102.1040033902
   102.3112007519     1.0000015752   102.3134383115
   102.5206402621     1.0000015688   102.5228732515
   102.7300797724     1.0000015624   102.7323082102
   102.9395192826     1.0000015560   102.9417431874
   103.1489587929     1.0000015497   103.1511781830
   103.3583983031     1.0000015434   103.3606131969
   103.5678378133     1.0000015372   103.5700482290
   103.7772773236     1.0000015310   103.7794832792
   103.9867168338     1.0000015248   103.9889183473
   104.1961563441     1.0000015187   104.1983534332
   104.4055958543     1.0000015126   104.4077885369
   104.6150353645     1.0000015066   104.6172236583
   104.8244748748     1.0000015006   104.8266587972
   105.0339143850     1.0000014946   105.0360939535
   105.2433538953     1.0000014886   105.2455291271
   105.4527934055     1.0000014827   105.4549643179
   105.6622329157     1.0000014769   105.6643995259
   105.8716724260     1.0000014710   105.8738347509
   106.0811119362     1.0000014652   106.0832699928
   106.2905514465     1.0000014595   106.2927052515
   106.4999909567     1.0000014537   106.5021405269
   106.7094304669     1.0000014480   106.7115758190
   106.9188699772     1.0000014424   106.9210111276
   107.1283094874     1.0000014367   107.1304464526
   107.3377489977     1.0000014311   107.3398817939
   107.5471885079     1.0000014256   107.5493171515
   107.7566280181     1.0000014200   107.7587525252
   107.9660675284     1.0000014145   107.9681879149
   108.1755070386     1.0000014091   108.1776233206
   108.3849465488     1.0000014036   108.3870587422
   108.5943860591     1.0000013982   108.5964941795
   108.8038255693     1.0000013928   108.8059296325
   109.0132650796     1.0000013875   109.0153651010
   109.2227045898     1.0000013822   109.2248005851
   109.4321441000     1.0000013769   109.4342360846
   109.6415836103     1.0000013716   109.6436715994
   109.8510231205     1.0000013664   109.8531071294
   110.0604626308     1.0000013612   110.0625426746
   110.2699021410     1.0000013560   110.2719782349
   110.4793416512     1.0000013509   110.4814138101
   110.6887811615     1.0000013458   110.6908494002
   110.8982206717     1.0000013407   110.9002850051
   111.1076601820     1.0000013357   111.1097206247
   111.3170996922     1.0000013307   111.3191562589
   111.5265392024     1.0000013257   111.5285919077
   111.7359787127     1.0000013207   111.7380275710
   111.9454182229     1.0000013158   111.9474632487
   112.1548577332     1.0000013109   112.1568989407
   112.3642972434     1.0000013060   112.3663346469
   112.5737367536     1.0000013011   112.5757703672
   112.7831762639     1.0000012963   112.7852061017
   112.9926157741     1.0000012915   112.9946418501
   113.2020552844     1.0000012867   113.2040776125
   113.4114947946     1.0000012820   113.4135133886
   113.6209343048     1.0000012772   113.6229491786
   113.8303738151     1.0000012726   113.8323849822
   114.0398133253     1.0000012679   114.0418207995
   114.2492528355     1.0000012632   114.2512566302
   114.4586923458     1.0000012586   114.4606924745
   114.6681318560     1.0000012540   114.6701283321
   114.8775713663     1.0000012495   114.8795642031
   115.0870108765     1.0000012449   115.0890000873
   115.2964503867     1.0000012404   115.2984359846
   115.5058898970     1.0000012359   115.5078718951
   115.7153294072     1.0000012314   115.7173078186
   115.9247689175     1.0000012270   115.9267437550
   116.1342084277     1.0000012226   116.1361797043
   116.3436479379     1.0000012182   116.3456156665
   116.5530874482     1.0000012138   116.5550516414
   116.7625269584     1.0000012094   116.7644876290
   116.9719664687     1.0000012051   116.9739236292
   117.1814059789     1.0000012008   117.1833596419
   117.3908454891     1.0000011965   117.3927956671
   117.6002849994     1.0000011923   117.6022317047
   117.8097245096     1.0000011880   117.8116677547
   118.0191640199     1.0000011838   118.0211038169
   118.2286035301     1.0000011796   118.2305398914
   118.4380430403     1.0000011755   118.4399759780
   118.6474825506     1.0000011713   118.6494120767
   118.8569220608     1.0000011672   118.8588481874
   119.0663615711     1.0000011631   119.0682843101
   119.2758010813     1.0000011590   119.2777204446
   119.4852405915     1.0000011550   119.4871565910
   119.6946801018     1.0000011509   119.6965927492
   119.9041196120     1.0000011469   119.9060289190
   120.1135591222     1.0000011429   120.1154651006
   120.3229986325     1.0000011389   120.3249012937
   120.5324381427     1.0000011350   120.5343374983
   120.7418776530     1.0000011311   120.7437737144
   120.9513171632     1.0000011271   120.9532099419
   121.1607566734     1.0000011232   121.1626461807
   121.3701961837     1.0000011194   121.3720824308
   121.5796356939     1.0000011155   121.5815186922
   121.7890752042     1.0000011117   121.7909549647
   121.9985147144     1.0000011079   122.0003912484
   122.2079542246     1.0000011041   122.2098275431
   122.4173937349     1.0000011003   122.4192638488
   122.6268332451     1.0000010966   122.6287001654
   122.8362727554     1.0000010928   122.8381364930
   123.0457122656     1.0000010891   123.0475728314
   123.2551517758     1.0000010854   123.2570091805
   123.4645912861     1.0000010817   123.4664455404
   123.6740307963     1.0000010781   123.6758819109
   123.8834703066     1.0000010744   123.8853182921
   124.0929098168     1.0000010708   124.0947546838
   124.3023493270     1.0000010672   124.3041910860
   124.5117888373     1.0000010636   124.5136274987
   124.7212283475     1.0000010600   124.7230639217
   124.9306678578     1.0000010565   124.9325003552
   125.1401073680     1.0000010530   125.1419367989
   125.3495468782     1.0000010494   125.3513732528
   125.5589863885     1.0000010459   125.5608097170
   125.7684258987     1.0000010425   125.7702461913
   125.9778654090     1.0000010390   125.9796826757
   126.1873049192     1.0000010356   126.1891191701
   126.3967444294     1.0000010321   126.3985556745
   126.6061839397     1.0000010287   126.6079921889
   126.8156234499     1.0000010253   126.8174287132
   127.0250629601     1.0000010219   127.0268652473
   127.2345024704     1.0000010186   127.2363017912
   127.4439419806     1.0000010152   127.4457383448
   127.6533814909     1.0000010119   127.6551749082
   127.8628210011     1.0000010086   127.8646114812
   128.0722605113     1.0000010053   128.0740480638
   128.2817000216     1.0000010020   128.2834846560
   128.4911395318     1.0000009988   128.4929212577
   128.7005790421     1.0000009955   128.7023578688
   128.9100185523     1.0000009923   128.9117944894
   129.1194580625     1.0000009891   129.1212311193
   129.3288975728     1.0000009859   129.3306677586
   129.5383370830     1.0000009827   129.5401044071
   129.7477765933     1.0000009795   129.7495410649
   129.9572161035     1.0000009763   129.9589777318
   130.1666556137     1.0000009732   130.1684144080
   130.3760951240     1.0000009701   130.3778510932
   130.5855346342     1.0000009670   130.5872877875
   130.7949741445     1.0000009639   130.7967244908
   131.0044136547     1.0000009608   131.0061612031
   131.2138531649     1.0000009577   131.2155979243
   131.4232926752     1.0000009547   131.4250346543
   131.6327321854     1.0000009517   131.6344713933
   131.8421716957     1.0000009486   131.8439081410
   132.0516112059     1.0000009456   132.0533448975
   132.2610507161     1.0000009426   132.2627816627
   132.4704902264     1.0000009397   132.4722184366
   132.6799297366     1.0000009367   132.6816552192
   132.8893692468     1.0000009337   132.8910920103
   133.0988087571     1.0000009308   133.1005288100
   133.3082482673     1.0000009279   133.3099656182
   133.5176877776     1.0000009250   133.5194024349
   133.7271272878     1.0000009221   133.7288392600
   133.9365667980     1.0000009192   133.9382760935
   134.1460063083     1.0000009163   134.1477129354
   134.3554458185     1.0000009135   134.3571497856
   134.5648853288     1.0000009106   134.5665866440
   134.7743248390     1.0000009078   134.7760235107
   134.9837643492     1.0000009050   134.9854603856
   135.1932038595     1.0000009022   135.1948972687
   135.4026433697     1.0000008994   135.4043341599
   135.6120828800     1.0000008966   135.6137710592
   135.8215223902     1.0000008939   135.8232079665
   136.0309619004     1.0000008911   136.0326448819
   136.2404014107     1.0000008884   136.2420818052
   136.4498409209     1.0000008857   136.4515187365
   136.6592804312     1.0000008829   136.6609556756
   136.8687199414     1.0000008802   136.8703926227
   137.0781594516     1.0000008776   137.0798295776
   137.2875989619     1.0000008749   137.2892665402
   137.4970384721     1.0000008722   137.4987035106
   137.7064779824     1.0000008696   137.7081404888
   137.9159174926     1.0000008669   137.9175774746
   138.1253570028     1.0000008643   138.1270144681
   138.3347965131     1.0000008617   138.3364514692
   138.5442360233     1.0000008591   138.5458884779
   138.7536755335     1.0000008565   138.7553254942
   138.9631150438     1.0000008539   138.9647625179
   139.1725545540     1.0000008513   139.1741995492
   139.3819940643     1.0000008488   139.3836365879
   139.5914335745     1.0000008462   139.5930736340
   139.8008730847     1.0000008437   139.8025106875
   140.0103125950     1.0000008412   140.0119477483
   140.2197521052     1.0000008387   140.2213848165
   140.4291916155     1.0000008362   140.4308218919
   140.6386311257     1.0000008337   140.6402589746
   140.8480706359     1.0000008312   140.8496960645
   141.0575101462     1.0000008287   141.0591331616
   141.2669496564     1.0000008263   141.2685702658
   141.4763891667     1.0000008238   141.4780073772
   141.6858286769     1.0000008214   141.6874444957
   141.8952681871     1.0000008190   141.8968816212
   142.1047076974     1.0000008166   142.1063187537
   142.3141472076     1.0000008142   142.3157558933
   142.5235867179     1.0000008118   142.5251930398
   142.7330262281     1.0000008094   142.7346301933
   142.9424657383     1.0000008070   142.9440673536
   143.1519052486     1.0000008047   143.1535045208
   143.3613447588     1.0000008023   143.3629416949
   143.5707842691     1.0000008000   143.5723788758
   143.7802237793     1.0000007977   143.7818160635
   143.9896632895     1.0000007953   143.9912532579
   144.1991027998     1.0000007930   144.2006904591
   144.4085423100     1.0000007907   144.4101276669
   144.6179818203     1.0000007884   144.6195648814
   144.8274213305     1.0000007862   144.8290021026
   145.0368608407     1.0000007839   145.0384393304
   145.2463003510     1.0000007816   145.2478765647
   145.4557398612     1.0000007794   145.4573138056
   145.6651793714     1.0000007771   145.6667510530
   145.8746188817     1.0000007749   145.8761883070
   146.0840583919     1.0000007727   146.0856255674
   146.2934979022     1.0000007705   146.2950628342
   146.5029374124     1.0000007683   146.5045001074
   146.7123769226     1.0000007661   146.7139373871
   146.9218164329     1.0000007639   146.9233746731
   147.1312559431     1.0000007617   147.1328119654
   147.3406954534     1.0000007596   147.3422492640
   147.5501349636     1.0000007574   147.5516865689
   147.7595744738     1.0000007553   147.7611238801
   147.9690139841     1.0000007531   147.9705611975
   148.1784534943     1.0000007510   148.1799985210
   148.3878930046     1.0000007489   148.3894358508
   148.5973325148     1.0000007468   148.5988731867
   148.8067720250     1.0000007447   148.8083105287
   149.0162115353     1.0000007426   149.0177478768
   149.2256510455     1.0000007405   149.2271852310
   149.4350905558     1.0000007384   149.4366225912
   149.6445300660     1.0000007364   149.6460599574
   149.8539695762     1.0000007343   149.8554973297
   150.0634090865     1.0000007323   150.0649347079
   150.2728485967     1.0000007302   150.2743720920
   150.4822881070     1.0000007282   150.4838094821
   150.6917276172     1.0000007262   150.6932468780
   150.9011671274     1.0000007242   150.9026842798
   151.1106066377     1.0000007222   151.1121216875
   151.3200461479     1.0000007202   151.3215591010
   151.5294856581     1.0000007182   151.5309965203
   151.7389251684     1.0000007162   151.7404339453
   151.9483646786     1.0000007142   151.9498713761
   152.1578041889     1.0000007122   152.1593088126
   152.3672436991     1.0000007103   152.3687462548
   152.5766832093     1.0000007083   152.5781837027
   152.7861227196     1.0000007064   152.7876211563
   152.9955622298     1.0000007045   152.9970586155
   153.2050017401     1.0000007025   153.2064960802
   153.4144412503     1.0000007006   153.4159335506
   153.6238807605     1.0000006987   153.6253710266
   153.8333202708     1.0000006968   153.8348085080
   154.0427597810     1.0000006949   154.0442459950
   154.2521992913     1.0000006930   154.2536834875
   154.4616388015     1.0000006912   154.4631209854
   154.6710783117     1.0000006893   154.6725584888
   154.8805178220     1.0000006874   154.8819959977
   155.0899573322     1.0000006856   155.0914335119
   155.2993968425     1.0000006837   155.3008710315
   155.5088363527     1.0000006819   155.5103085565
   155.7182758629     1.0000006800   155.7197460868
   155.9277153732     1.0000006782   155.9291836224
   156.1371548834     1.0000006764   156.1386211634
   156.3465943937     1.0000006746   156.3480587096
   156.5560339039     1.0000006728   156.5574962610
   156.7654734141     1.0000006710   156.7669338177
   156.9749129244     1.0000006692   156.9763713796
   157.1843524346     1.0000006674   157.1858089467
   157.3937919448     1.0000006656   157.3952465190
   157.6032314551     1.0000006639   157.6046840964
   157.8126709653     1.0000006621   157.8141216790
   158.0221104756     1.0000006604   158.0235592666
   158.2315499858     1.0000006586   158.2329968594
   158.4409894960     1.0000006569   158.4424344572
   158.6504290063     1.0000006551   158.6518720600
   158.8598685165     1.0000006534   158.8613096679
   159.0693080268     1.0000006517   159.0707472808
   159.2787475370     1.0000006500   159.2801848987
   159.4881870472     1.0000006483   159.4896225216
   159.6976265575     1.0000006466   159.6990601494
   159.9070660677     1.0000006449   159.9084977821
   160.1165055780     1.0000006432   160.1179354198
   160.3259450882     1.0000006415   160.3273730623
   160.5353845984     1.0000006399   160.5368107097
   160.7448241087     1.0000006382   160.7462483620
   160.9542636189     1.0000006365   160.9556860191
   161.1637031292     1.0000006349   161.1651236810
   161.3731426394     1.0000006332   161.3745613477
   161.5825821496     1.0000006316   161.5839990192
   161.7920216599     1.0000006300   161.7934366955
   162.0014611701     1.0000006283   162.0028743765
   162.2109006804     1.0000006267   162.2123120622
   162.4203401906     1.0000006251   162.4217497526
   162.6297797008     1.0000006235   162.6311874477
   162.8392192111     1.0000006219   162.8406251475
   163.0486587213     1.0000006203   163.0500628519
   163.2580982315     1.0000006187   163.2595005610
   163.4675377418     1.0000006171   163.4689382747
   163.6769772520     1.0000006155   163.6783759929
   163.8864167623     1.0000006140   163.8878137158
   164.0958562725     1.0000006124   164.0972514432
   164.3052957827     1.0000006108   164.3066891752
   164.5147352930     1.0000006093   164.5161269117
   164.7241748032     1.0000006077   164.7255646527
   164.9336143135     1.0000006062   164.9350023982
   165.1430538237     1.0000006046   165.1444401481
   165.3524933339     1.0000006031   165.3538779025
   165.5619328442     1.0000006016   165.5633156614
   165.7713723544     1.0000006001   165.7727534247
   165.9808118647     1.0000005986   165.9821911924
   166.1902513749     1.0000005971   166.1916289645
   166.3996908851     1.0000005956   166.4010667410
   166.6091303954     1.0000005941   166.6105045218
   166.8185699056     1.0000005926   166.8199423069
   167.0280094159     1.0000005911   167.0293800964
   167.2374489261     1.0000005896   167.2388178902
   167.4468884363     1.0000005881   167.4482556883
   167.6563279466     1.0000005867   167.6576934907
   167.8657674568     1.0000005852   167.8671312973
   168.0752069671     1.0000005837   168.0765691082
   168.2846464773     1.0000005823   168.2860069233
   168.4940859875     1.0000005808   168.4954447427
   168.7035254978     1.0000005794   168.7048825662
   168.9129650080     1.0000005780   168.9143203939
   169.1224045183     1.0000005765   169.1237582257
   169.3318440285     1.0000005751   169.3331960618
   169.5412835387     1.0000005737   169.5426339019
   169.7507230490     1.0000005723   169.7520717462
   169.9601625592     1.0000005709   169.9615095946
   170.1696020694     1.0000005695   170.1709474471
   170.3790415797     1.0000005681   170.3803853036
   170.5884810899     1.0000005667   170.5898231642
   170.7979206002     1.0000005653   170.7992610289
   171.0073601104     1.0000005639   171.0086988975
   171.2167996206     1.0000005625   171.2181367702
   171.4262391309     1.0000005611   171.4275746469
   171.6356786411     1.0000005598   171.6370125276
   171.8451181514     1.0000005584   171.8464504123
   172.0545576616     1.0000005570   172.0558883009
   172.2639971718     1.0000005557   172.2653261935
   172.4734366821     1.0000005543   172.4747640899
   172.6828761923     1.0000005530   172.6842019903
   172.8923157026     1.0000005517   172.8936398946
   173.1017552128     1.0000005503   173.1030778028
   173.3111947230     1.0000005490   173.3125157149
   173.5206342333     1.0000005477   173.5219536308
   173.7300737435     1.0000005464   173.7313915506
   173.9395132538     1.0000005450   173.9408294741
   174.1489527640     1.0000005437   174.1502674016
   174.3583922742     1.0000005424   174.3597053328
   174.5678317845     1.0000005411   174.5691432678
   174.7772712947     1.0000005398   174.7785812065
   174.9867108050     1.0000005385   174.9880191491
   175.1961503152     1.0000005373   175.1974570953
   175.4055898254     1.0000005360   175.4068950453
   175.6150293357     1.0000005347   175.6163329991
   175.8244688459     1.0000005334   175.8257709565
   176.0339083561     1.0000005322   176.0352089177
   176.2433478664     1.0000005309   176.2446468825
   176.4527873766     1.0000005296   176.4540848510
   176.6622268869     1.0000005284   176.6635228231
   176.8716663971     1.0000005271   176.8729607989
   177.0811059073     1.0000005259   177.0823987783
   177.2905454176     1.0000005246   177.2918367613
   177.4999849278     1.0000005234   177.5012747480
   177.7094244381     1.0000005222   177.7107127382
   177.9188639483     1.0000005209   177.9201507320
   178.1283034585     1.0000005197   178.1295887294
   178.3377429688     1.0000005185   178.3390267303
   178.5471824790     1.0000005173   178.5484647348
   178.7566219893     1.0000005161   178.7579027427
   178.9660614995     1.0000005149   178.9673407542
   179.1755010097     1.0000005137   179.1767787693
   179.3849405200     1.0000005125   179.3862167878
   179.5943800302     1.0000005113   179.5956548097
   179.8038195405     1.0000005101   179.8050928352
   180.0132590507     1.0000005089   180.0145308641
   180.2226985609     1.0000005077   180.2239688964
   180.4321380712     1.0000005065   180.4334069322
   180.6415775814     1.0000005054   180.6428449714
   180.8510170917     1.0000005042   180.8522830140
   181.0604566019     1.0000005030   181.0617210600
   181.2698961121     1.0000005019   181.2711591094
   181.4793356224     1.0000005007   181.4805971621
   181.6887751326     1.0000004995   181.6900352182
   181.8982146428     1.0000004984   181.8994732777
   182.1076541531     1.0000004972   182.1089113405
   182.3170936633     1.0000004961   182.3183494066
   182.5265331736     1.0000004950   182.5277874760
   182.7359726838     1.0000004938   182.7372255488
   182.9454121940     1.0000004927   182.9466636248
   183.1548517043     1.0000004916   183.1561017041
   183.3642912145     1.0000004905   183.3655397867
   183.5737307248     1.0000004893   183.5749778725
   183.7831702350     1.0000004882   183.7844159616
   183.9926097452     1.0000004871   183.9938540539
   184.2020492555     1.0000004860   184.2032921494
   184.4114887657     1.0000004849   184.4127302482
   184.6209282760     1.0000004838   184.6221683501
   184.8303677862     1.0000004827   184.8316064553
   185.0398072964     1.0000004816   185.0410445636
   185.2492468067     1.0000004805   185.2504826751
   185.4586863169     1.0000004794   185.4599207898
   185.6681258272     1.0000004784   185.6693589076
   185.8775653374     1.0000004773   185.8787970285
   186.0870048476     1.0000004762   186.0882351526
   186.2964443579     1.0000004751   186.2976732797
   186.5058838681     1.0000004741   186.5071114100
   186.7153233784     1.0000004730   186.7165495434
   186.9247628886     1.0000004719   186.9259876799
   187.1342023988     1.0000004709   187.1354258194
   187.3436419091     1.0000004698   187.3448639620
   187.5530814193     1.0000004688   187.5543021077
   187.7625209295     1.0000004677   187.7637402564
   187.9719604398     1.0000004667   187.9731784081
   188.1813999500     1.0000004657   188.1826165629
   188.3908394603     1.0000004646   188.3920547207
   188.6002789705     1.0000004636   188.6014928815
   188.8097184807     1.0000004626   188.8109310452
   189.0191579910     1.0000004615   189.0203692120
   189.2285975012     1.0000004605   189.2298073817
   189.4380370115     1.0000004595   189.4392455544
   189.6474765217     1.0000004585   189.6486837301
   189.8569160319     1.0000004575   189.8581219087
   190.0663555422     1.0000004565   190.0675600902
   190.2757950524     1.0000004555   190.2769982747
   190.4852345627     1.0000004545   190.4864364620
   190.6946740729     1.0000004535   190.6958746523
   190.9041135831     1.0000004525   190.9053128455
   191.1135530934     1.0000004515   191.1147510415
   191.3229926036     1.0000004505   191.3241892405
   191.5324321139     1.0000004495   191.5336274423
   191.7418716241     1.0000004485   191.7430656469
   191.9513111343     1.0000004476   191.9525038544
   192.1607506446     1.0000004466   192.1619420648
   192.3701901548     1.0000004456   192.3713802780
   192.5796296651     1.0000004446   192.5808184940
   192.7890691753     1.0000004437   192.7902567128
   192.9985086855     1.0000004427   192.9996949344
   193.2079481958     1.0000004418   193.2091331588
   193.4173877060     1.0000004408   193.4185713860
   193.6268272163     1.0000004398   193.6280096159
   193.8362667265     1.0000004389   193.8374478487
   194.0457062367     1.0000004379   194.0468860842
   194.2551457470     1.0000004370   194.2563243224
   194.4645852572     1.0000004361   194.4657625634
   194.6740247674     1.0000004351   194.6752008071
   194.8834642777     1.0000004342   194.8846390535
   195.0929037879     1.0000004333   195.0940773027
   195.3023432982     1.0000004323   195.3035155545
   195.5117828084     1.0000004314   195.5129538091
   195.7212223186     1.0000004305   195.7223920663
   195.9306618289     1.0000004296   195.9318303262
   196.1401013391     1.0000004286   196.1412685888
   196.3495408494     1.0000004277   196.3507068540
   196.5589803596     1.0000004268   196.5601451219
   196.7684198698     1.0000004259   196.7695833925
   196.9778593801     1.0000004250   196.9790216656
   197.1872988903     1.0000004241   197.1884599414
   197.3967384006     1.0000004232   197.3978982199
   197.6061779108     1.0000004223   197.6073365009
   197.8156174210     1.0000004214   197.8167747845
   198.0250569313     1.0000004205   198.0262130708
   198.2344964415     1.0000004196   198.2356513596
   198.4439359518     1.0000004188   198.4450896510
   198.6533754620     1.0000004179   198.6545279449
   198.8628149722     1.0000004170   198.8639662415
   199.0722544825     1.0000004161   199.0734045405
   199.2816939927     1.0000004152   199.2828428422
   199.4911335030     1.0000004144   199.4922811463
   199.7005730132     1.0000004135   199.7017194530
   199.9100125234     1.0000004126   199.9111577622
   200.1194520337     1.0000004118   200.1205960740
   200.3288915439     1.0000004109   200.3300343882
   200.5383310541     1.0000004101   200.5394727049
   200.7477705644     1.0000004092   200.7489110242
   200.9572100746     1.0000004083   200.9583493459
   201.1666495849     1.0000004075   201.1677876700
   201.3760890951     1.0000004066   201.3772259967
   201.5855286053     1.0000004058   201.5866643258
   201.7949681156     1.0000004050   201.7961026573
   202.0044076258     1.0000004041   202.0055409913
   202.2138471361     1.0000004033   202.2149793278
   202.4232866463     1.0000004025   202.4244176667
   202.6327261565     1.0000004016   202.6338560079
   202.8421656668     1.0000004008   202.8432943516
   203.0516051770     1.0000004000   203.0527326977
   203.2610446873     1.0000003991   203.2621710463
   203.4704841975     1.0000003983   203.4716093972
   203.6799237077     1.0000003975   203.6810477504
   203.8893632180     1.0000003967   203.8904861061
   204.0988027282     1.0000003959   204.0999244641
   204.3082422385     1.0000003951   204.3093628245
   204.5176817487     1.0000003942   204.5188011873
   204.7271212589     1.0000003934   204.7282395523
   204.9365607692     1.0000003926   204.9376779198
   205.1460002794     1.0000003918   205.1471162895
   205.3554397897     1.0000003910   205.3565546616
   205.5648792999     1.0000003902   205.5659930360
   205.7743188101     1.0000003894   205.7754314128
   205.9837583204     1.0000003887   205.9848697918
   206.1931978306     1.0000003879   206.1943081731
   206.4026373408     1.0000003871   206.4037465567
   206.6120768511     1.0000003863   206.6131849426
   206.8215163613     1.0000003855   206.8226233308
   207.0309558716     1.0000003847   207.0320617213
   207.2403953818     1.0000003840   207.2415001140
   207.4498348920     1.0000003832   207.4509385089
   207.6592744023     1.0000003824   207.6603769062
   207.8687139125     1.0000003816   207.8698153056
   208.0781534228     1.0000003809   208.0792537073
   208.2875929330     1.0000003801   208.2886921112
   208.4970324432     1.0000003793   208.4981305174
   208.7064719535     1.0000003786   208.7075689257
   208.9159114637     1.0000003778   208.9170073363
   209.1253509740     1.0000003771   209.1264457491
   209.3347904842     1.0000003763   209.3358841641
   209.5442299944     1.0000003756   209.5453225812
   209.7536695047     1.0000003748   209.7547610006
   209.9631090149     1.0000003741   209.9641994221
   210.1725485252     1.0000003733   210.1736378458
   210.3819880354     1.0000003726   210.3830762716
   210.5914275456     1.0000003718   210.5925146996
   210.8008670559     1.0000003711   210.8019531298
   211.0103065661     1.0000003704   211.0113915621
   211.2197460764     1.0000003696   211.2208299965
   211.4291855866     1.0000003689   211.4302684331
   211.6386250968     1.0000003682   211.6397068718
   211.8480646071     1.0000003674   211.8491453126
   212.0575041173     1.0000003667   212.0585837555
   212.2669436276     1.0000003660   212.2680222006
   212.4763831378     1.0000003653   212.4774606477
   212.6858226480     1.0000003646   212.6868990969
   212.8952621583     1.0000003638   212.8963375482
   213.1047016685     1.0000003631   213.1057760016
   213.3141411787     1.0000003624   213.3152144571
   213.5235806890     1.0000003617   213.5246529146
   213.7330201992     1.0000003610   213.7340913743
   213.9424597095     1.0000003603   213.9435298359
   214.1518992197     1.0000003596   214.1529682996
   214.3613387299     1.0000003589   214.3624067654
   214.5707782402     1.0000003582   214.5718452332
