   -12.0000000000    -0.0840715296    -0.0000712869     0.9129741960    -0.0000705657
   -11.9765625000    -0.0842389435    -0.0000715735     0.9128084786    -0.0000708471
   -11.9531250000    -0.0844070313    -0.0000718619     0.9126420996    -0.0000711302
   -11.9296875000    -0.0845757970    -0.0000721520     0.9124750551    -0.0000714150
   -11.9062500000    -0.0847452448    -0.0000724439     0.9123073410    -0.0000717015
   -11.8828125000    -0.0849153787    -0.0000727376     0.9121389534    -0.0000719898
   -11.8593750000    -0.0850862032    -0.0000730331     0.9119698881    -0.0000722798
   -11.8359375000    -0.0852577223    -0.0000733304     0.9118001409    -0.0000725716
   -11.8125000000    -0.0854299404    -0.0000736296     0.9116297078    -0.0000728652
   -11.7890625000    -0.0856028617    -0.0000739306     0.9114585845    -0.0000731606
   -11.7656250000    -0.0857764908    -0.0000742334     0.9112867667    -0.0000734578
   -11.7421875000    -0.0859508318    -0.0000745382     0.9111142503    -0.0000737568
   -11.7187500000    -0.0861258894    -0.0000748448     0.9109410310    -0.0000740576
   -11.6953125000    -0.0863016679    -0.0000751534     0.9107671043    -0.0000743603
   -11.6718750000    -0.0864781718    -0.0000754639     0.9105924659    -0.0000746649
   -11.6484375000    -0.0866554056    -0.0000757763     0.9104171114    -0.0000749714
   -11.6250000000    -0.0868333740    -0.0000760907     0.9102410364    -0.0000752798
   -11.6015625000    -0.0870120816    -0.0000764070     0.9100642364    -0.0000755901
   -11.5781250000    -0.0871915330    -0.0000767254     0.9098867069    -0.0000759023
   -11.5546875000    -0.0873717330    -0.0000770458     0.9097084432    -0.0000762165
   -11.5312500000    -0.0875526862    -0.0000773682     0.9095294409    -0.0000765327
   -11.5078125000    -0.0877343974    -0.0000776926     0.9093496952    -0.0000768508
   -11.4843750000    -0.0879168714    -0.0000780192     0.9091692015    -0.0000771710
   -11.4609375000    -0.0881001132    -0.0000783477     0.9089879552    -0.0000774932
   -11.4375000000    -0.0882841275    -0.0000786784     0.9088059513    -0.0000778174
   -11.4140625000    -0.0884689194    -0.0000790113     0.9086231852    -0.0000781436
   -11.3906250000    -0.0886544939    -0.0000793462     0.9084396520    -0.0000784720
   -11.3671875000    -0.0888408559    -0.0000796833     0.9082553468    -0.0000788024
   -11.3437500000    -0.0890280105    -0.0000800226     0.9080702648    -0.0000791349
   -11.3203125000    -0.0892159628    -0.0000803641     0.9078844008    -0.0000794696
   -11.2968750000    -0.0894047181    -0.0000807077     0.9076977501    -0.0000798064
   -11.2734375000    -0.0895942814    -0.0000810536     0.9075103074    -0.0000801453
   -11.2500000000    -0.0897846582    -0.0000814018     0.9073220678    -0.0000804865
   -11.2265625000    -0.0899758535    -0.0000817522     0.9071330260    -0.0000808298
   -11.2031250000    -0.0901678729    -0.0000821049     0.9069431769    -0.0000811754
   -11.1796875000    -0.0903607216    -0.0000824600     0.9067525154    -0.0000815232
   -11.1562500000    -0.0905544052    -0.0000828173     0.9065610360    -0.0000818732
   -11.1328125000    -0.0907489290    -0.0000831770     0.9063687335    -0.0000822256
   -11.1093750000    -0.0909442987    -0.0000835391     0.9061756026    -0.0000825802
   -11.0859375000    -0.0911405198    -0.0000839036     0.9059816378    -0.0000829371
   -11.0625000000    -0.0913375980    -0.0000842705     0.9057868336    -0.0000832964
   -11.0390625000    -0.0915355389    -0.0000846398     0.9055911847    -0.0000836581
   -11.0156250000    -0.0917343482    -0.0000850116     0.9053946853    -0.0000840221
   -10.9921875000    -0.0919340319    -0.0000853858     0.9051973300    -0.0000843885
   -10.9687500000    -0.0921345956    -0.0000857626     0.9049991130    -0.0000847573
   -10.9453125000    -0.0923360453    -0.0000861419     0.9048000287    -0.0000851286
   -10.9218750000    -0.0925383869    -0.0000865237     0.9046000713    -0.0000855024
   -10.8984375000    -0.0927416264    -0.0000869081     0.9043992350    -0.0000858786
   -10.8750000000    -0.0929457699    -0.0000872951     0.9041975140    -0.0000862574
   -10.8515625000    -0.0931508234    -0.0000876847     0.9039949023    -0.0000866387
   -10.8281250000    -0.0933567932    -0.0000880770     0.9037913940    -0.0000870225
   -10.8046875000    -0.0935636855    -0.0000884719     0.9035869830    -0.0000874089
   -10.7812500000    -0.0937715065    -0.0000888695     0.9033816634    -0.0000877979
   -10.7578125000    -0.0939802625    -0.0000892698     0.9031754289    -0.0000881896
   -10.7343750000    -0.0941899600    -0.0000896729     0.9029682734    -0.0000885839
   -10.7109375000    -0.0944006054    -0.0000900787     0.9027601907    -0.0000889808
   -10.6875000000    -0.0946122052    -0.0000904873     0.9025511744    -0.0000893805
   -10.6640625000    -0.0948247660    -0.0000908987     0.9023412182    -0.0000897829
   -10.6406250000    -0.0950382944    -0.0000913130     0.9021303158    -0.0000901880
   -10.6171875000    -0.0952527971    -0.0000917301     0.9019184605    -0.0000905959
   -10.5937500000    -0.0954682808    -0.0000921502     0.9017056460    -0.0000910066
   -10.5703125000    -0.0956847524    -0.0000925731     0.9014918656    -0.0000914201
   -10.5468750000    -0.0959022188    -0.0000929990     0.9012771127    -0.0000918365
   -10.5234375000    -0.0961206869    -0.0000934279     0.9010613805    -0.0000922558
   -10.5000000000    -0.0963401637    -0.0000938598     0.9008446623    -0.0000926779
   -10.4765625000    -0.0965606563    -0.0000942947     0.9006269512    -0.0000931030
   -10.4531250000    -0.0967821718    -0.0000947327     0.9004082404    -0.0000935311
   -10.4296875000    -0.0970047175    -0.0000951738     0.9001885229    -0.0000939621
   -10.4062500000    -0.0972283006    -0.0000956180     0.8999677916    -0.0000943961
   -10.3828125000    -0.0974529285    -0.0000960654     0.8997460395    -0.0000948332
   -10.3593750000    -0.0976786086    -0.0000965159     0.8995232593    -0.0000952734
   -10.3359375000    -0.0979053484    -0.0000969697     0.8992994439    -0.0000957166
   -10.3125000000    -0.0981331555    -0.0000974267     0.8990745860    -0.0000961630
   -10.2890625000    -0.0983620375    -0.0000978869     0.8988486781    -0.0000966126
   -10.2656250000    -0.0985920021    -0.0000983505     0.8986217129    -0.0000970653
   -10.2421875000    -0.0988230571    -0.0000988174     0.8983936828    -0.0000975213
   -10.2187500000    -0.0990552104    -0.0000992877     0.8981645803    -0.0000979805
   -10.1953125000    -0.0992884698    -0.0000997614     0.8979343976    -0.0000984430
   -10.1718750000    -0.0995228435    -0.0001002385     0.8977031271    -0.0000989088
   -10.1484375000    -0.0997583396    -0.0001007191     0.8974707610    -0.0000993779
   -10.1250000000    -0.0999949661    -0.0001012032     0.8972372913    -0.0000998505
   -10.1015625000    -0.1002327313    -0.0001016908     0.8970027102    -0.0001003264
   -10.0781250000    -0.1004716437    -0.0001021821     0.8967670095    -0.0001008058
   -10.0546875000    -0.1007117115    -0.0001026769     0.8965301812    -0.0001012887
   -10.0312500000    -0.1009529434    -0.0001031754     0.8962922171    -0.0001017751
   -10.0078125000    -0.1011953479    -0.0001036775     0.8960531088    -0.0001022650
    -9.9843750000    -0.1014389336    -0.0001041834     0.8958128482    -0.0001027585
    -9.9609375000    -0.1016837093    -0.0001046930     0.8955714266    -0.0001032556
    -9.9375000000    -0.1019296840    -0.0001052064     0.8953288356    -0.0001037564
    -9.9140625000    -0.1021768664    -0.0001057237     0.8950850666    -0.0001042609
    -9.8906250000    -0.1024252657    -0.0001062448     0.8948401109    -0.0001047691
    -9.8671875000    -0.1026748909    -0.0001067699     0.8945939597    -0.0001052810
    -9.8437500000    -0.1029257513    -0.0001072988     0.8943466041    -0.0001057968
    -9.8203125000    -0.1031778562    -0.0001078318     0.8940980352    -0.0001063164
    -9.7968750000    -0.1034312149    -0.0001083688     0.8938482440    -0.0001068399
    -9.7734375000    -0.1036858371    -0.0001089099     0.8935972214    -0.0001073673
    -9.7500000000    -0.1039417321    -0.0001094551     0.8933449580    -0.0001078986
    -9.7265625000    -0.1041989098    -0.0001100044     0.8930914445    -0.0001084340
    -9.7031250000    -0.1044573800    -0.0001105580     0.8928366716    -0.0001089734
    -9.6796875000    -0.1047171525    -0.0001111158     0.8925806298    -0.0001095168
    -9.6562500000    -0.1049782373    -0.0001116778     0.8923233094    -0.0001100644
    -9.6328125000    -0.1052406445    -0.0001122442     0.8920647007    -0.0001106162
    -9.6093750000    -0.1055043843    -0.0001128150     0.8918047940    -0.0001111721
    -9.5859375000    -0.1057694671    -0.0001133902     0.8915435792    -0.0001117323
    -9.5625000000    -0.1060359032    -0.0001139699     0.8912810465    -0.0001122968
    -9.5390625000    -0.1063037032    -0.0001145541     0.8910171856    -0.0001128657
    -9.5156250000    -0.1065728777    -0.0001151428     0.8907519864    -0.0001134389
    -9.4921875000    -0.1068434375    -0.0001157362     0.8904854386    -0.0001140165
    -9.4687500000    -0.1071153934    -0.0001163342     0.8902175316    -0.0001145987
    -9.4453125000    -0.1073887564    -0.0001169369     0.8899482551    -0.0001151853
    -9.4218750000    -0.1076635376    -0.0001175444     0.8896775982    -0.0001157765
    -9.3984375000    -0.1079397482    -0.0001181567     0.8894055503    -0.0001163723
    -9.3750000000    -0.1082173996    -0.0001187739     0.8891321005    -0.0001169728
    -9.3515625000    -0.1084965031    -0.0001193959     0.8888572378    -0.0001175781
    -9.3281250000    -0.1087770705    -0.0001200230     0.8885809510    -0.0001181880
    -9.3046875000    -0.1090591133    -0.0001206550     0.8883032290    -0.0001188028
    -9.2812500000    -0.1093426435    -0.0001212922     0.8880240604    -0.0001194225
    -9.2578125000    -0.1096276730    -0.0001219344     0.8877434337    -0.0001200471
    -9.2343750000    -0.1099142138    -0.0001225819     0.8874613373    -0.0001206766
    -9.2109375000    -0.1102022782    -0.0001232346     0.8871777596    -0.0001213112
    -9.1875000000    -0.1104918785    -0.0001238926     0.8868926886    -0.0001219509
    -9.1640625000    -0.1107830273    -0.0001245559     0.8866061124    -0.0001225957
    -9.1406250000    -0.1110757372    -0.0001252247     0.8863180189    -0.0001232456
    -9.1171875000    -0.1113700209    -0.0001258990     0.8860283958    -0.0001239009
    -9.0937500000    -0.1116658913    -0.0001265788     0.8857372309    -0.0001245614
    -9.0703125000    -0.1119633616    -0.0001272641     0.8854445115    -0.0001252273
    -9.0468750000    -0.1122624449    -0.0001279552     0.8851502251    -0.0001258987
    -9.0234375000    -0.1125631545    -0.0001286520     0.8848543588    -0.0001265755
    -9.0000000000    -0.1128655039    -0.0001293546     0.8845568998    -0.0001272578
    -8.9765625000    -0.1131695069    -0.0001300630     0.8842578349    -0.0001279458
    -8.9531250000    -0.1134751771    -0.0001307773     0.8839571511    -0.0001286394
    -8.9296875000    -0.1137825286    -0.0001314977     0.8836548348    -0.0001293388
    -8.9062500000    -0.1140915755    -0.0001322241     0.8833508726    -0.0001300439
    -8.8828125000    -0.1144023320    -0.0001329566     0.8830452509    -0.0001307550
    -8.8593750000    -0.1147148127    -0.0001336953     0.8827379557    -0.0001314719
    -8.8359375000    -0.1150290320    -0.0001344403     0.8824289733    -0.0001321949
    -8.8125000000    -0.1153450048    -0.0001351917     0.8821182893    -0.0001329239
    -8.7890625000    -0.1156627461    -0.0001359494     0.8818058896    -0.0001336590
    -8.7656250000    -0.1159822708    -0.0001367136     0.8814917597    -0.0001344003
    -8.7421875000    -0.1163035945    -0.0001374844     0.8811758850    -0.0001351479
    -8.7187500000    -0.1166267324    -0.0001382619     0.8808582507    -0.0001359019
    -8.6953125000    -0.1169517003    -0.0001390460     0.8805388417    -0.0001366622
    -8.6718750000    -0.1172785139    -0.0001398370     0.8802176431    -0.0001374291
    -8.6484375000    -0.1176071894    -0.0001406348     0.8798946396    -0.0001382025
    -8.6250000000    -0.1179377429    -0.0001414396     0.8795698155    -0.0001389826
    -8.6015625000    -0.1182701909    -0.0001422514     0.8792431553    -0.0001397694
    -8.5781250000    -0.1186045499    -0.0001430703     0.8789146431    -0.0001405630
    -8.5546875000    -0.1189408366    -0.0001438965     0.8785842629    -0.0001413634
    -8.5312500000    -0.1192790682    -0.0001447299     0.8782519985    -0.0001421709
    -8.5078125000    -0.1196192618    -0.0001455708     0.8779178335    -0.0001429853
    -8.4843750000    -0.1199614349    -0.0001464191     0.8775817513    -0.0001438069
    -8.4609375000    -0.1203056049    -0.0001472749     0.8772437350    -0.0001446357
    -8.4375000000    -0.1206517898    -0.0001481384     0.8769037677    -0.0001454718
    -8.4140625000    -0.1210000076    -0.0001490097     0.8765618321    -0.0001463153
    -8.3906250000    -0.1213502766    -0.0001498888     0.8762179109    -0.0001471663
    -8.3671875000    -0.1217026152    -0.0001507758     0.8758719865    -0.0001480248
    -8.3437500000    -0.1220570421    -0.0001516709     0.8755240409    -0.0001488910
    -8.3203125000    -0.1224135764    -0.0001525741     0.8751740562    -0.0001497649
    -8.2968750000    -0.1227722371    -0.0001534855     0.8748220141    -0.0001506466
    -8.2734375000    -0.1231330437    -0.0001544052     0.8744678961    -0.0001515363
    -8.2500000000    -0.1234960158    -0.0001553334     0.8741116835    -0.0001524341
    -8.2265625000    -0.1238611734    -0.0001562702     0.8737533573    -0.0001533399
    -8.2031250000    -0.1242285366    -0.0001572156     0.8733928984    -0.0001542540
    -8.1796875000    -0.1245981257    -0.0001581697     0.8730302874    -0.0001551765
    -8.1562500000    -0.1249699615    -0.0001591327     0.8726655045    -0.0001561074
    -8.1328125000    -0.1253440649    -0.0001601047     0.8722985299    -0.0001570468
    -8.1093750000    -0.1257204569    -0.0001610858     0.8719293434    -0.0001579948
    -8.0859375000    -0.1260991592    -0.0001620761     0.8715579247    -0.0001589517
    -8.0625000000    -0.1264801934    -0.0001630757     0.8711842530    -0.0001599174
    -8.0390625000    -0.1268635814    -0.0001640848     0.8708083075    -0.0001608921
    -8.0156250000    -0.1272493457    -0.0001651035     0.8704300670    -0.0001618758
    -7.9921875000    -0.1276375088    -0.0001661318     0.8700495099    -0.0001628688
    -7.9687500000    -0.1280280934    -0.0001671700     0.8696666147    -0.0001638712
    -7.9453125000    -0.1284211229    -0.0001682181     0.8692813592    -0.0001648829
    -7.9218750000    -0.1288166206    -0.0001692762     0.8688937212    -0.0001659043
    -7.8984375000    -0.1292146104    -0.0001703446     0.8685036781    -0.0001669353
    -7.8750000000    -0.1296151162    -0.0001714234     0.8681112071    -0.0001679762
    -7.8515625000    -0.1300181626    -0.0001725126     0.8677162850    -0.0001690270
    -7.8281250000    -0.1304237741    -0.0001736124     0.8673188882    -0.0001700878
    -7.8046875000    -0.1308319759    -0.0001747230     0.8669189931    -0.0001711589
    -7.7812500000    -0.1312427934    -0.0001758444     0.8665165756    -0.0001722404
    -7.7578125000    -0.1316562522    -0.0001769770     0.8661116112    -0.0001733323
    -7.7343750000    -0.1320723785    -0.0001781207     0.8657040752    -0.0001744348
    -7.7109375000    -0.1324911986    -0.0001792758     0.8652939426    -0.0001755481
    -7.6875000000    -0.1329127393    -0.0001804423     0.8648811879    -0.0001766723
    -7.6640625000    -0.1333370278    -0.0001816205     0.8644657855    -0.0001778076
    -7.6406250000    -0.1337640915    -0.0001828106     0.8640477093    -0.0001789540
    -7.6171875000    -0.1341939583    -0.0001840126     0.8636269329    -0.0001801118
    -7.5937500000    -0.1346266565    -0.0001852267     0.8632034294    -0.0001812811
    -7.5703125000    -0.1350622147    -0.0001864532     0.8627771717    -0.0001824621
    -7.5468750000    -0.1355006620    -0.0001876921     0.8623481323    -0.0001836549
    -7.5234375000    -0.1359420279    -0.0001889437     0.8619162833    -0.0001848597
    -7.5000000000    -0.1363863421    -0.0001902081     0.8614815965    -0.0001860766
    -7.4765625000    -0.1368336349    -0.0001914855     0.8610440431    -0.0001873058
    -7.4531250000    -0.1372839371    -0.0001927761     0.8606035942    -0.0001885476
    -7.4296875000    -0.1377372797    -0.0001940801     0.8601602202    -0.0001898019
    -7.4062500000    -0.1381936944    -0.0001953977     0.8597138912    -0.0001910692
    -7.3828125000    -0.1386532132    -0.0001967290     0.8592645770    -0.0001923494
    -7.3593750000    -0.1391158684    -0.0001980742     0.8588122468    -0.0001936428
    -7.3359375000    -0.1395816931    -0.0001994336     0.8583568695    -0.0001949497
    -7.3125000000    -0.1400507207    -0.0002008074     0.8578984134    -0.0001962701
    -7.2890625000    -0.1405229850    -0.0002021957     0.8574368466    -0.0001976043
    -7.2656250000    -0.1409985205    -0.0002035988     0.8569721365    -0.0001989524
    -7.2421875000    -0.1414773620    -0.0002050169     0.8565042501    -0.0002003147
    -7.2187500000    -0.1419595448    -0.0002064502     0.8560331540    -0.0002016914
    -7.1953125000    -0.1424451049    -0.0002078989     0.8555588143    -0.0002030827
    -7.1718750000    -0.1429340788    -0.0002093633     0.8550811964    -0.0002044888
    -7.1484375000    -0.1434265033    -0.0002108436     0.8546002656    -0.0002059099
    -7.1250000000    -0.1439224160    -0.0002123400     0.8541159862    -0.0002073462
    -7.1015625000    -0.1444218551    -0.0002138527     0.8536283224    -0.0002087980
    -7.0781250000    -0.1449248590    -0.0002153821     0.8531372377    -0.0002102655
    -7.0546875000    -0.1454314670    -0.0002169283     0.8526426949    -0.0002117489
    -7.0312500000    -0.1459417190    -0.0002184917     0.8521446566    -0.0002132485
    -7.0078125000    -0.1464556554    -0.0002200724     0.8516430845    -0.0002147645
    -6.9843750000    -0.1469733171    -0.0002216707     0.8511379400    -0.0002162971
    -6.9609375000    -0.1474947459    -0.0002232870     0.8506291836    -0.0002178466
    -6.9375000000    -0.1480199840    -0.0002249214     0.8501167755    -0.0002194133
    -6.9140625000    -0.1485490743    -0.0002265743     0.8496006751    -0.0002209974
    -6.8906250000    -0.1490820605    -0.0002282460     0.8490808412    -0.0002225992
    -6.8671875000    -0.1496189868    -0.0002299367     0.8485572322    -0.0002242190
    -6.8437500000    -0.1501598983    -0.0002316467     0.8480298055    -0.0002258570
    -6.8203125000    -0.1507048405    -0.0002333764     0.8474985181    -0.0002275136
    -6.7968750000    -0.1512538599    -0.0002351260     0.8469633262    -0.0002291890
    -6.7734375000    -0.1518070036    -0.0002368958     0.8464241852    -0.0002308835
    -6.7500000000    -0.1523643194    -0.0002386863     0.8458810502    -0.0002325974
    -6.7265625000    -0.1529258560    -0.0002404977     0.8453338751    -0.0002343310
    -6.7031250000    -0.1534916628    -0.0002423303     0.8447826134    -0.0002360847
    -6.6796875000    -0.1540617899    -0.0002441845     0.8442272178    -0.0002378588
    -6.6562500000    -0.1546362885    -0.0002460606     0.8436676400    -0.0002396536
    -6.6328125000    -0.1552152103    -0.0002479591     0.8431038313    -0.0002414693
    -6.6093750000    -0.1557986080    -0.0002498802     0.8425357419    -0.0002433065
    -6.5859375000    -0.1563865351    -0.0002518243     0.8419633214    -0.0002451654
    -6.5625000000    -0.1569790462    -0.0002537919     0.8413865183    -0.0002470463
    -6.5390625000    -0.1575761964    -0.0002557832     0.8408052805    -0.0002489497
    -6.5156250000    -0.1581780420    -0.0002577988     0.8402195550    -0.0002508760
    -6.4921875000    -0.1587846403    -0.0002598389     0.8396292879    -0.0002528254
    -6.4687500000    -0.1593960492    -0.0002619040     0.8390344242    -0.0002547984
    -6.4453125000    -0.1600123280    -0.0002639946     0.8384349083    -0.0002567954
    -6.4218750000    -0.1606335368    -0.0002661110     0.8378306834    -0.0002588169
    -6.3984375000    -0.1612597366    -0.0002682538     0.8372216919    -0.0002608631
    -6.3750000000    -0.1618909897    -0.0002704233     0.8366078751    -0.0002629346
    -6.3515625000    -0.1625273592    -0.0002726200     0.8359891733    -0.0002650317
    -6.3281250000    -0.1631689095    -0.0002748444     0.8353655259    -0.0002671550
    -6.3046875000    -0.1638157061    -0.0002770969     0.8347368710    -0.0002693049
    -6.2812500000    -0.1644678155    -0.0002793781     0.8341031457    -0.0002714818
    -6.2578125000    -0.1651253054    -0.0002816884     0.8334642863    -0.0002736863
    -6.2343750000    -0.1657882448    -0.0002840285     0.8328202275    -0.0002759187
    -6.2109375000    -0.1664567038    -0.0002863987     0.8321709031    -0.0002781797
    -6.1875000000    -0.1671307538    -0.0002887996     0.8315162456    -0.0002804697
    -6.1640625000    -0.1678104675    -0.0002912318     0.8308561865    -0.0002827893
    -6.1406250000    -0.1684959189    -0.0002936959     0.8301906557    -0.0002851390
    -6.1171875000    -0.1691871832    -0.0002961924     0.8295195821    -0.0002875194
    -6.0937500000    -0.1698843370    -0.0002987219     0.8288428932    -0.0002899309
    -6.0703125000    -0.1705874586    -0.0003012850     0.8281605151    -0.0002923743
    -6.0468750000    -0.1712966273    -0.0003038823     0.8274723727    -0.0002948500
    -6.0234375000    -0.1720119241    -0.0003065144     0.8267783892    -0.0002973588
    -6.0000000000    -0.1727334314    -0.0003091821     0.8260784867    -0.0002999012
    -5.9765625000    -0.1734612332    -0.0003118860     0.8253725856    -0.0003024778
    -5.9531250000    -0.1741954151    -0.0003146266     0.8246606047    -0.0003050894
    -5.9296875000    -0.1749360643    -0.0003174049     0.8239424614    -0.0003077366
    -5.9062500000    -0.1756832694    -0.0003202213     0.8232180715    -0.0003104201
    -5.8828125000    -0.1764371211    -0.0003230768     0.8224873490    -0.0003131405
    -5.8593750000    -0.1771977115    -0.0003259719     0.8217502064    -0.0003158988
    -5.8359375000    -0.1779651346    -0.0003289076     0.8210065544    -0.0003186955
    -5.8125000000    -0.1787394863    -0.0003318845     0.8202563018    -0.0003215315
    -5.7890625000    -0.1795208642    -0.0003349035     0.8194993556    -0.0003244075
    -5.7656250000    -0.1803093678    -0.0003379654     0.8187356211    -0.0003273245
    -5.7421875000    -0.1811050987    -0.0003410711     0.8179650015    -0.0003302831
    -5.7187500000    -0.1819081605    -0.0003442213     0.8171873979    -0.0003332843
    -5.6953125000    -0.1827186588    -0.0003474171     0.8164027097    -0.0003363290
    -5.6718750000    -0.1835367012    -0.0003506593     0.8156108338    -0.0003394182
    -5.6484375000    -0.1843623976    -0.0003539488     0.8148116651    -0.0003425525
    -5.6250000000    -0.1851958602    -0.0003572867     0.8140050961    -0.0003457335
    -5.6015625000    -0.1860372033    -0.0003606738     0.8131910181    -0.0003489616
    -5.5781250000    -0.1868865436    -0.0003641113     0.8123693182    -0.0003522375
    -5.5546875000    -0.1877440004    -0.0003676001     0.8115398815    -0.0003555630
    -5.5312500000    -0.1886096951    -0.0003711413     0.8107025916    -0.0003589391
    -5.5078125000    -0.1894837520    -0.0003747361     0.8098573288    -0.0003623669
    -5.4843750000    -0.1903662978    -0.0003783855     0.8090039710    -0.0003658476
    -5.4609375000    -0.1912574619    -0.0003820907     0.8081423929    -0.0003693819
    -5.4375000000    -0.1921573764    -0.0003858530     0.8072724663    -0.0003729716
    -5.4140625000    -0.1930661765    -0.0003896734     0.8063940606    -0.0003766178
    -5.3906250000    -0.1939840000    -0.0003935533     0.8055070417    -0.0003803219
    -5.3671875000    -0.1949109879    -0.0003974940     0.8046112723    -0.0003840853
    -5.3437500000    -0.1958472841    -0.0004014968     0.8037066118    -0.0003879093
    -5.3203125000    -0.1967930358    -0.0004055631     0.8027929163    -0.0003917956
    -5.2968750000    -0.1977483934    -0.0004096943     0.8018700382    -0.0003957458
    -5.2734375000    -0.1987135108    -0.0004138918     0.8009378257    -0.0003997614
    -5.2500000000    -0.1996885451    -0.0004181572     0.7999961229    -0.0004038449
    -5.2265625000    -0.2006736573    -0.0004224923     0.7990447691    -0.0004080030
    -5.2031250000    -0.2016690114    -0.0004268980     0.7980836124    -0.0004122255
    -5.1796875000    -0.2026747770    -0.0004313769     0.7971124485    -0.0004165324
    -5.1562500000    -0.2036911254    -0.0004359326     0.7961311261    -0.0004209755
    -5.1328125000    -0.2047182195    -0.0004405663     0.7951397876    -0.0004255410
    -5.1093750000    -0.2057562662    -0.0004452652     0.7941376124    -0.0004298852
    -5.0859375000    -0.2068054353    -0.0004500527     0.7931247650    -0.0004345202
    -5.0625000000    -0.2078659165    -0.0004549193     0.7921010394    -0.0004391821
    -5.0390625000    -0.2089379081    -0.0004598750     0.7910661239    -0.0004440563
    -5.0156250000    -0.2100215777    -0.0004649456     0.7900205071    -0.0004496853
    -4.9921875000    -0.2111171607    -0.0004700359     0.7889632491    -0.0004538614
    -4.9687500000    -0.2122248761    -0.0004752449     0.7878938837    -0.0004587858
    -4.9453125000    -0.2133449163    -0.0004805502     0.7868126571    -0.0004639015
    -4.9218750000    -0.2144775022    -0.0004859511     0.7857192881    -0.0004691443
    -4.8984375000    -0.2156228587    -0.0004914522     0.7846135200    -0.0004745621
    -4.8750000000    -0.2167812065    -0.0004970611     0.7834953047    -0.0004802670
    -4.8515625000    -0.2179527959    -0.0005027495     0.7823640741    -0.0004856036
    -4.8281250000    -0.2191378644    -0.0005085570     0.7812196582    -0.0004913620
    -4.8046875000    -0.2203366830    -0.0005144872     0.7800613204    -0.0004975516
    -4.7812500000    -0.2215493437    -0.0005206249     0.7788921048    -0.0005058503
    -4.7578125000    -0.2227763394    -0.0005266285     0.7777069976    -0.0005092320
    -4.7343750000    -0.2240178803    -0.0005328630     0.7765068922    -0.0005150864
    -4.7109375000    -0.2252741954    -0.0005392292     0.7752924374    -0.0005213251
    -4.6875000000    -0.2265455800    -0.0005457252     0.7740630727    -0.0005278460
    -4.6640625000    -0.2278323041    -0.0005523965     0.7728188749    -0.0005354592
    -4.6406250000    -0.2291346601    -0.0005590930     0.7715596319    -0.0005412140
    -4.6171875000    -0.2304530367    -0.0005659732     0.7702834367    -0.0005480897
    -4.5937500000    -0.2317876647    -0.0005729907     0.7689915540    -0.0005551352
    -4.5703125000    -0.2331389339    -0.0005801458     0.7676824060    -0.0005622807
    -4.5468750000    -0.2345071471    -0.0005874621     0.7663562028    -0.0005698926
    -4.5234375000    -0.2358926672    -0.0005949180     0.7650122158    -0.0005774986
    -4.5000000000    -0.2372958640    -0.0006026076     0.7636497626    -0.0005867047
    -4.4765625000    -0.2387169457    -0.0006103874     0.7622712022    -0.0005948801
    -4.4531250000    -0.2401566044    -0.0006183399     0.7608705288    -0.0006033946
    -4.4296875000    -0.2416146616    -0.0006266975     0.7594570756    -0.0006161977
    -4.4062500000    -0.2430923305    -0.0006346992     0.7580164286    -0.0006201070
    -4.3828125000    -0.2445896842    -0.0006431726     0.7565539551    -0.0006292376
    -4.3593750000    -0.2461072701    -0.0006520080     0.7550671864    -0.0006414963
    -4.3359375000    -0.2476450985    -0.0006623811     0.7535626011    -0.0006759000
    -4.3125000000    -0.2492016407    -0.0006716672     0.7520716454    -0.0006894427
    -4.2890625000    -0.2507818099    -0.0006792228     0.7505217737    -0.0006721978
    -4.2656250000    -0.2523843557    -0.0006885114     0.7489406595    -0.0006797636
    -4.2421875000    -0.2540090739    -0.0006983938     0.7473389835    -0.0006935248
    -4.2187500000    -0.2556570985    -0.0007085634     0.7457065438    -0.0007084140
    -4.1953125000    -0.2573265057    -0.0007196000     0.7440799750    -0.0007332501
    -4.1718750000    -0.2590223410    -0.0007290264     0.7423905987    -0.0007302532
    -4.1484375000    -0.2607425931    -0.0007398629     0.7406768594    -0.0007450457
    -4.1250000000    -0.2624871846    -0.0007515640     0.7389476658    -0.0007689674
    -4.1015625000    -0.2642591172    -0.0007620338     0.7371677157    -0.0007713379
    -4.0781250000    -0.2660579493    -0.0007735807     0.7353521111    -0.0007856037
    -4.0546875000    -0.2678844604    -0.0007855250     0.7334986366    -0.0008016964
    -4.0312500000    -0.2697400246    -0.0007982181     0.7315972107    -0.0008241940
    -4.0078125000    -0.2716242829    -0.0008130820     0.7296619818    -0.0008720688
    -3.9843750000    -0.2735409834    -0.0008266007     0.7276521165    -0.0008968926
    -3.9609375000    -0.2754840209    -0.0008547388     0.7256576233    -0.0011103812
    -3.9375000000    -0.2774522904    -0.0008552367     0.7237034724    -0.0009555933
    -3.9140625000    -0.2794694734    -0.0008680724     0.7214895630    -0.0009580624
    -3.8906250000    -0.2815221203    -0.0008857198     0.7192055285    -0.0010171260
    -3.8671875000    -0.2836091734    -0.0009053944     0.7168762550    -0.0010956911
    -3.8437500000    -0.2857414352    -0.0009375193     0.7143792528    -0.0013195647
    -3.8203125000    -0.2878874726    -0.0009696784     0.7121110381    -0.0015347733
    -3.7968750000    -0.2900999378    -0.0009747695     0.7094469479    -0.0014151869
    -3.7734375000    -0.2923897445    -0.0010230510     0.7062809898    -0.0017968628
    -3.7500000000    -0.2947275313    -0.0010535423     0.7029891630    -0.0019563831
    -3.7265625000    -0.2972418222    -0.0012066642     0.6981205067    -0.0034826105
    -3.7031250000    -0.2998963359    -0.0015701957     0.6921554277    -0.0072811676
    -3.6796875000    -0.3009332957    -0.0023764604     0.7044050302    -0.0160603414
    -3.6562500000    -0.3035106818    -0.0013847183     0.7001866045    -0.0048493313
    -3.6328125000    -0.3065006710    -0.0015505631     0.6918980953    -0.0063200616
    -3.6093750000    -0.3083472407    -0.0021973865     0.6961524188    -0.0129225372
    -3.5859375000    -0.3112047503    -0.0014128575     0.6903531671    -0.0043975262
    -3.5625000000    -0.3144398267    -0.0016165072     0.6811628882    -0.0061555911
    -3.5390625000    -0.3172747826    -0.0023795166     0.6765472261    -0.0134406833
    -3.5156250000    -0.3200081012    -0.0021797763     0.6735596121    -0.0110854189
    -3.4921875000    -0.3249738312    -0.0048692614     0.6491723088    -0.0358940925
    -3.4687500000    -0.3194276360    -0.0049611873     0.7264524644    -0.0384054690
    -3.4453125000    -0.3243823341    -0.0019745326     0.7031990375    -0.0085554206
    -3.4218750000    -0.3281777204    -0.0018500476     0.6914950479    -0.0069648553
    -3.3984375000    -0.3313595972    -0.0016763589     0.6861936545    -0.0050513919
    -3.3750000000    -0.3345888526    -0.0014613612     0.6810343475    -0.0028342477
    -3.3515625000    -0.3379430417    -0.0014420595     0.6753288117    -0.0024038111
    -3.3281250000    -0.3413116637    -0.0014710953     0.6700873287    -0.0024013350
    -3.3046875000    -0.3447816783    -0.0017029276     0.6645565248    -0.0040947376
    -3.2812500000    -0.3478208386    -0.0016451458     0.6632021225    -0.0033640130
    -3.2578125000    -0.3514360417    -0.0016278987     0.6576211657    -0.0029420437
    -3.2343750000    -0.3550465961    -0.0016412632     0.6526864988    -0.0027772374
    -3.2109375000    -0.3588111256    -0.0017451948     0.6471411232    -0.0033084575
    -3.1875000000    -0.3628209547    -0.0019332161     0.6403481700    -0.0044343511
    -3.1640625000    -0.3669752149    -0.0021644108     0.6331618149    -0.0058158624
    -3.1406250000    -0.3718500582    -0.0032992890     0.6213627834    -0.0135988579
    -3.1171875000    -0.3733577574    -0.0034303882     0.6345410758    -0.0143420822
    -3.0937500000    -0.3795609097    -0.0031125694     0.6148808014    -0.0113339818
    -3.0703125000    -0.3865385130    -0.0086989762     0.5902647758    -0.0479172468
    -3.0468750000    -0.3813617982    -0.0056743576     0.6501988079    -0.0287274830
    -3.0234375000    -0.3889029695    -0.0038894420     0.6237751979    -0.0154283387
    -3.0000000000    -0.3941631126    -0.0046946103     0.6134700554    -0.0199217930
    -2.9765625000    -0.4037746618    -0.0074187093     0.5767275688    -0.0351923929
    -2.9531250000    -0.3933875283    -0.0157356026     0.6630350607    -0.0912169709
    -2.9296875000    -0.4020022787    -0.0061082504     0.6361998042    -0.0274803102
    -2.9062500000    -0.4119102262    -0.0062572970     0.6005462709    -0.0265563048
    -2.8828125000    -0.4099156862    -0.0202640029     0.6311536770    -0.1099820937
    -2.8593750000    -0.4086759517    -0.0089575178     0.6675233355    -0.0432794778
    -2.8359375000    -0.4174289861    -0.0039219271     0.6413903772    -0.0121715737
    -2.8125000000    -0.4254092917    -0.0037128335     0.6207123629    -0.0101729897
    -2.7890625000    -0.4305192745    -0.0040184030     0.6170342015    -0.0113298371
    -2.7656250000    -0.4380109940    -0.0034644248     0.6016286951    -0.0077002048
    -2.7421875000    -0.4452872330    -0.0044591844     0.5885217805    -0.0121228272
    -2.7187500000    -0.4542423733    -0.0088704386     0.5679346631    -0.0326015424
    -2.6953125000    -0.4523066705    -0.0079159287     0.6018382050    -0.0283007260
    -2.6718750000    -0.4572027123    -0.0072199808     0.6026341407    -0.0241415981
    -2.6484375000    -0.4666084330    -0.0044561956     0.5832558151    -0.0100668101
    -2.6250000000    -0.4764700581    -0.0067194025     0.5630596623    -0.0191839431
    -2.6015625000    -0.4790505757    -0.0059653234     0.5762528631    -0.0155721064
    -2.5781250000    -0.4898416138    -0.0050169519     0.5548047030    -0.0104786638
    -2.5546875000    -0.4986555999    -0.0092902753     0.5426915658    -0.0269102958
    -2.5312500000    -0.5088436168    -0.0072912042     0.5273101611    -0.0177046002
    -2.5078125000    -0.5260839414    -0.0184212741     0.4854870504    -0.0560169805
    -2.4843750000    -0.4994400156    -0.0405007368     0.6006709264    -0.1508328270
    -2.4609375000    -0.5104915791    -0.0095749496     0.5942765829    -0.0262434807
    -2.4375000000    -0.5267071440    -0.0077378866     0.5588378438    -0.0173879749
    -2.4140625000    -0.5379437757    -0.0069588088     0.5438995991    -0.0135311590
    -2.3906250000    -0.5496467837    -0.0118682630     0.5284361406    -0.0287400754
    -2.3671875000    -0.5534468404    -0.0113016482     0.5407263004    -0.0263407386
    -2.3437500000    -0.5672849362    -0.0065068759     0.5218947400    -0.0096605423
    -2.3203125000    -0.5818719492    -0.0069111200     0.5024528648    -0.0098369931
    -2.2968750000    -0.5929110755    -0.0095356736     0.4950604862    -0.0165286275
    -2.2734375000    -0.6096616059    -0.0084839253     0.4736794742    -0.0122136577
    -2.2500000000    -0.6317745025    -0.0169794180     0.4403262884    -0.0318832980
    -2.2265625000    -0.6186690749    -0.0254602791     0.4971933840    -0.0557608172
    -2.2031250000    -0.6432398573    -0.0146688594     0.4623502502    -0.0247678127
    -2.1796875000    -0.6590697417    -0.0212873311     0.4492621106    -0.0382675667
    -2.1562500000    -0.6776437716    -0.0242670189     0.4324423163    -0.0420670436
    -2.1328125000    -0.7191316750    -0.0578914573     0.3653760718    -0.1004866247
    -2.1093750000    -0.6530320442    -0.0407934063     0.5343215083    -0.0845246090
    -2.0859375000    -0.6917630957    -0.0185808888     0.4787484272    -0.0280118814
    -2.0625000000    -0.7257600645    -0.0158496437     0.4367373456    -0.0192588494
    -2.0390625000    -0.7473920490    -0.0300696740     0.4207409136    -0.0428957113
    -2.0156250000    -0.7773372970    -0.0201852155     0.3959562691    -0.0225019451
    -1.9921875000    -0.8091626270    -0.0453927093     0.3678904301    -0.0581960029
    -1.9687500000    -0.8464605811    -0.0365252779     0.3407417824    -0.0399305521
    -1.9453125000    -0.9226785521    -0.1479676077     0.2438895346    -0.1584567292
    -1.9218750000    -0.7489151780    -0.0812346500     0.5328102606    -0.1321174786
    -1.8984375000    -0.8243624000    -0.0342955564     0.4499491182    -0.0392997520
    -1.8750000000    -0.8761261852    -0.0229533657     0.4056145496    -0.0187543897
    -1.8515625000    -0.9254203377    -0.0231715061     0.3710635451    -0.0158595140
    -1.8281250000    -0.9748542903    -0.0249637421     0.3425412143    -0.0150142114
    -1.8046875000    -1.0175959532    -0.0285689894     0.3257595405    -0.0162699791
    -1.7812500000    -1.0776128489    -0.0273583472     0.2977594627    -0.0121802582
    -1.7578125000    -1.1441550537    -0.0329407394     0.2703802210    -0.0137063523
    -1.7343750000    -1.2222674237    -0.0380064512     0.2413502633    -0.0139016420
    -1.7109375000    -1.3225126115    -0.0512667570     0.2060751808    -0.0176675001
    -1.6875000000    -1.4622172346    -0.1078104478     0.1585628352    -0.0384575064
    -1.6640625000    -1.4675577568    -0.1396339481     0.1811835661    -0.0524547993
    -1.6406250000    -1.6966313979    -0.1971326265     0.1152244602    -0.0556595229
    -1.6171875000    -1.8281020326    -0.1954232507     0.1025684932    -0.0457770422
    -1.5937500000    -2.3390910039    -0.4364217128     0.0032422513    -0.0649026937
    -1.5703125000    -1.4629711440    -1.5078739182    -0.0497281256    -0.3292774203
    -1.5468750000    -1.8755400919    -0.4527858398     0.1517618915    -0.1091153788
    -1.5234375000    -2.8046868647    -0.6069919476     0.0180952696    -0.0609967564
    -1.5000000000    -4.3311310808    -2.7304252203    -0.1272183531    -0.0912165622
    -1.4765625000    -0.3793084339    -3.1923054154    -0.2251098793    -0.2956882198
    -1.4531250000    -0.2831145742    -1.0508311570     0.0085091206    -0.8737212432
    -1.4296875000    -1.9111306458    -0.7511683298     0.2547499383    -0.1642867119
    -1.4062500000    -4.0744655996    -1.6372073001     0.0457635298    -0.0706432250
    -1.3828125000    -6.3877356727   -10.6327479396    -0.0900527030    -0.0543538028
    -1.3593750000     6.3590800782    -3.7566602742    -0.2129167565    -0.0535289030
    -1.3359375000     3.2669880810    -0.8995038346    -0.3441396829    -0.0622931188
    -1.3125000000     2.0858036491    -0.4438246551    -0.4797170862    -0.0806792530
    -1.2890625000     1.4232014661    -0.2308235291    -0.6648422203    -0.0930288743
    -1.2656250000     1.0039118214    -0.1487367723    -0.9111951868    -0.1250064607
    -1.2421875000     0.7112411163    -0.1082461830    -1.2632101232    -0.1879123182
    -1.2187500000     0.4885632267    -0.0854391933    -1.8227632099    -0.3236468755
    -1.1953125000     0.3063829987    -0.0722007311    -2.8697754412    -0.7016054300
    -1.1718750000     0.1470571075    -0.0654151164    -5.3858090424    -2.4931812979
    -1.1484375000    -0.0030097112    -0.0645065672     1.0954525387   -15.4290440607
    -1.1250000000    -0.1591572925    -0.0724292786     5.6839275260    -2.3167166064
    -1.1015625000    -0.3498884398    -0.1081860531     3.2309203500    -0.7318712183
    -1.0781250000    -0.5844615476    -0.2371752812     2.3091082880    -0.4731832266
    -1.0546875000    -0.6578371727    -0.7232208852     1.9185041245    -0.5010543122
    -1.0312500000     0.3976343732    -0.7465090175     1.5810171065    -0.1754512653
    -1.0078125000    -0.0283726335    -0.1677741099     1.2679650762    -0.1155385386
    -0.9843750000    -0.3044795637    -0.1033874543     1.0415887831    -0.0971815349
    -0.9609375000    -0.5245871263    -0.1020959837     0.8616140332    -0.0958887968
    -0.9375000000    -0.7557106808    -0.1536285180     0.6936127621    -0.1329623044
    -0.9140625000    -1.0847477816    -0.2458765718     0.5218747838    -0.1223428462
    -0.8906250000    -1.0950189518    -0.7406878203     0.4187807222    -0.3701925472
    -0.8671875000    -0.8030295878    -0.9535549436     0.4178425763    -0.5722642017
    -0.8437500000    -1.4769722038    -0.4736372603     0.6020826208    -0.1628942904
    -0.8203125000    -2.8588529648    -1.0873624353     0.3672833829    -0.0868676157
    -0.7968750000    -4.0319592944    -7.3998346108     0.1833318101    -0.0778571228
    -0.7734375000     4.0535176758    -2.4328247491     0.0043247854    -0.0844892814
    -0.7500000000     2.1063604788    -0.5699238958    -0.2012551615    -0.0965870599
    -0.7265625000     1.2885553798    -0.2510700506    -0.4534075235    -0.1232825610
    -0.7031250000     0.8552645027    -0.1466365855    -0.7895014147    -0.1725800995
    -0.6796875000     0.5766296730    -0.1007769153    -1.2844433605    -0.2717324719
    -0.6562500000     0.3726917805    -0.0775363470    -2.1204244509    -0.5119951255
    -0.6328125000     0.2080531668    -0.0652941005    -3.8687256953    -1.3488253196
    -0.6093750000     0.0634728514    -0.0596981974    -7.7937298192    -7.8361355043
    -0.5859375000    -0.0743283287    -0.0594599636     8.8352774319    -6.5329689379
    -0.5625000000    -0.2182422516    -0.0657004916     4.9080062227    -1.2295958430
    -0.5390625000    -0.3875812479    -0.0846947163     3.2606187655    -0.4938155465
    -0.5156250000    -0.6251427662    -0.1436034208     2.4373159948    -0.2878644379
    -0.4921875000    -1.0179321117    -0.5108011204     1.8779047173    -0.2964755185
    -0.4687500000    -1.0240752145    -1.0153614293     1.8902946425    -0.2911925949
    -0.4453125000     0.5929973737    -0.8770698111     1.5621013423    -0.1254746176
    -0.4218750000    -0.0296170302    -0.2238857188     1.3181682593    -0.0949383174
    -0.3984375000    -0.4240995373    -0.1627136909     1.1117553973    -0.0987640830
    -0.3750000000    -0.8060302100    -0.2229310804     0.9215464912    -0.1166672485
    -0.3515625000    -0.9206512654    -0.6147389326     0.8305623414    -0.4029772348
    -0.3281250000    -1.4563614490    -0.4230250659     0.8893109797    -0.1224853060
    -0.3046875000    -2.7764269711    -1.0938523449     0.6876197193    -0.0787334541
    -0.2812500000    -3.2750020887    -7.6820708470     0.5133806997    -0.0754522755
    -0.2578125000     3.7550424907    -2.1279560295     0.3386975494    -0.0851351499
    -0.2343750000     2.0022285052    -0.5193596896     0.1358258521    -0.0958385336
    -0.2109375000     1.2465253369    -0.2343539110    -0.1142366395    -0.1224533066
    -0.1875000000     0.8368996835    -0.1404049733    -0.4491545699    -0.1732794085
    -0.1640625000     0.5659321882    -0.0997127650    -0.9512087147    -0.2812159604
    -0.1406250000     0.3599238152    -0.0802113805    -1.8364424988    -0.5696438844
    -0.1171875000     0.1847811794    -0.0717469660    -3.8451595753    -1.8058681049
    -0.0937500000     0.0199137700    -0.0710705226    -2.7504509198   -13.0257930008
    -0.0703125000    -0.1521870099    -0.0785051961     6.1436988153    -2.6558491129
    -0.0468750000    -0.3538440818    -0.0986114225     3.6278020998    -0.7079247608
    -0.0234375000    -0.6265445364    -0.1469466056     2.5746397403    -0.3291268260
     0.0000000000    -1.0764845349    -0.2862710317     1.9943848954    -0.2000861647
     0.0234375000    -2.0686275870    -0.9566551451     1.6057083758    -0.1440013806
     0.0468750000     0.4414026199    -5.5267450379     1.3057147090    -0.1182794915
     0.0703125000     1.6961695737    -0.8683335943     1.0436011688    -0.1145484163
     0.0937500000     0.7028653047    -0.3731901496     0.8324763526    -0.1269213963
     0.1171875000    -0.0488125309    -0.4881724154     0.5670793217    -0.1256402095
     0.1406250000     0.7504633758    -1.8425596556     0.2332671842    -0.1956538410
     0.1640625000     0.5458474007    -0.6272664011    -0.0469811811    -0.8131271168
     0.1875000000     1.2015766449    -0.7241706452     0.2866304906    -0.3163100154
     0.2109375000     0.7718018952    -0.1657047435    -0.2439681357    -0.2305302427
     0.2343750000     0.5136358836    -0.0867364750    -0.8262677158    -0.2921065870
     0.2578125000     0.3489425358    -0.0612167880    -1.6549069825    -0.4645638092
     0.2812500000     0.2226102613    -0.0493623496    -3.1054837187    -0.9288928223
     0.3046875000     0.1151431309    -0.0435706179    -6.3750239673    -2.8559387136
     0.3281250000     0.0169013725    -0.0409965359    -7.3306353054   -20.8311745905
     0.3515625000    -0.0780917763    -0.0406399679    11.3813183205    -5.2270789058
     0.3750000000    -0.1745512752    -0.0422564501     6.7554069522    -1.2938575810
     0.3984375000    -0.2772639378    -0.0461565580     4.8906262886    -0.5683439114
     0.4218750000    -0.3925105611    -0.0534681264     3.9193555581    -0.3251171569
     0.4453125000    -0.5308541999    -0.0673892407     3.3083156409    -0.2198914890
     0.4687500000    -0.7154827995    -0.0990047104     2.8619267688    -0.1743936571
     0.4921875000    -1.0164746735    -0.2106509181     2.4698144074    -0.1801109180
     0.5156250000    -1.2933189044    -1.1804981414     1.9844082507    -0.3695586326
     0.5390625000    -0.3276134599    -0.4102217867     2.7876096830    -1.4728277955
     0.5625000000    -0.8425677890    -0.1986621298     2.7599899831    -0.2493245041
     0.5859375000    -1.2938268087    -0.2142260548     2.4251937282    -0.1085087184
     0.6093750000    -1.8851367193    -0.3289780326     2.2257095653    -0.0734307819
     0.6328125000    -2.8635686582    -0.7937091539     2.0741637660    -0.0730339451
     0.6562500000    -4.1421428392    -1.5713301522     2.0010271237    -0.0626507427
     0.6796875000    -7.9528146766    -8.4083815199     1.8909164383    -0.0446726369
     0.7031250000     7.4120573629    -5.7411330536     1.7905814608    -0.0463608208
     0.7265625000     3.3880233083    -2.2051369105     1.7131653669    -0.1149271939
     0.7500000000     3.6128256778    -0.9790889572     1.7110050338    -0.0485342562
     0.7734375000     2.4917071191    -0.3515340041     1.6272253369    -0.0324833844
     0.7968750000     1.9017237030    -0.1972638345     1.5568188224    -0.0287593733
     0.8203125000     1.5327920396    -0.1312020728     1.4915446478    -0.0273802543
     0.8437500000     1.2737476423    -0.0961534423     1.4284209720    -0.0270353812
     0.8671875000     1.0779239389    -0.0751416848     1.3662001875    -0.0271465403
     0.8906250000     0.9198437017    -0.0616580766     1.3023306088    -0.0276806131
     0.9140625000     0.7866529826    -0.0531045659     1.2361570883    -0.0289877634
     0.9375000000     0.6693464838    -0.0478032184     1.1660870497    -0.0310444311
     0.9609375000     0.5613267588    -0.0450815241     1.0901697976    -0.0340675642
     0.9843750000     0.4568046165    -0.0449093512     1.0057350480    -0.0385075805
     1.0078125000     0.3492364349    -0.0481081435     0.9085574553    -0.0456703886
     1.0312500000     0.2287700740    -0.0576084352     0.7942722836    -0.0643265076
     1.0546875000     0.0752281168    -0.0818554967     0.6817287199    -0.0757089456
     1.0781250000    -0.1724754737    -0.1661638519     0.5022715836    -0.0893089996
     1.1015625000    -0.6510825283    -0.7925301592     0.2542844567    -0.1386017875
     1.1250000000     0.7549305495    -0.8496275197    -0.0919203149    -0.4000166456
     1.1484375000     0.7496365852    -0.3331473881    -0.1878792833    -0.3517453650
     1.1718750000     0.4062355758    -0.1218778909    -1.0673691853    -0.5844576460
     1.1953125000     0.1699665265    -0.1107526810    -2.7568177061    -2.6244016506
     1.2187500000    -0.0303219052    -0.3546971642     1.7480415956    -2.7476477382
     1.2421875000     0.2010366191    -0.1643549438    -1.3656914480    -2.3961705856
     1.2656250000    -0.0146661939    -0.1163748960     2.7699347495    -8.4239637144
     1.2890625000    -0.1456138546    -0.0864075791     6.8580080972    -2.9840302001
     1.3125000000    -0.3358238948    -0.0860318616     4.6389392421    -0.6894691206
     1.3359375000    -0.5553569959    -0.1062178401     3.6402228825    -0.3084725120
     1.3593750000    -0.8435541395    -0.1482633421     3.1062090201    -0.1803820017
     1.3828125000    -1.2712046412    -0.2386233184     2.7650778194    -0.1225166946
     1.4062500000    -2.0199144560    -0.4822877338     2.5191253951    -0.0929997470
     1.4296875000    -3.7115792646    -1.5723708735     2.3220160164    -0.0789961602
     1.4531250000    -0.9427848903   -10.3200483273     2.1429502098    -0.0791933026
     1.4765625000     3.4292768647    -1.8273741105     1.9457748053    -0.1048508266
     1.5000000000     1.4304655871    -0.6679989638     1.6361216296    -0.2524521443
     1.5234375000     0.1038092178    -0.6638827780     2.0159436476    -1.4553094700
     1.5468750000    -1.2900740222    -2.2174059416     2.4765538642    -0.3223542889
     1.5703125000    -1.1951881827    -6.0015488552     2.3461325002    -0.1460829104
     1.5937500000     4.7016292572    -1.9768203896     2.1663037732    -0.0621509275
     1.6171875000     2.9078035472    -0.6153222391     2.0499593053    -0.0561126838
     1.6406250000     2.4772391081    -0.5670435954     2.0269608291    -0.0745251711
     1.6640625000     2.0784174357    -0.1855081369     1.9640363256    -0.0295634053
     1.6875000000     1.7656833686    -0.1079375627     1.9074346377    -0.0216620436
     1.7109375000     1.5581195573    -0.0757797614     1.8612387677    -0.0184980057
     1.7343750000     1.4039093275    -0.0590406927     1.8199109239    -0.0174291215
     1.7578125000     1.2785488156    -0.0562689964     1.7793753482    -0.0220348568
     1.7812500000     1.1947125878    -0.0607986606     1.7538501497    -0.0303037772
     1.8046875000     1.1127984508    -0.0733845847     1.7223654027    -0.0469486250
     1.8281250000     1.1098468911    -0.0802934824     1.7488944215    -0.0529052018
     1.8515625000     1.0396449474    -0.0377791694     1.7124912210    -0.0230703700
     1.8750000000     0.9823981169    -0.0340797955     1.6840217047    -0.0235294700
     1.8984375000     0.9371627076    -0.0220559648     1.6616650803    -0.0134474621
     1.9218750000     0.8906230687    -0.0188404365     1.6330280212    -0.0121716903
     1.9453125000     0.8480838785    -0.0179865241     1.6037631483    -0.0135018171
     1.9687500000     0.8054121105    -0.0197584908     1.5683643951    -0.0190162669
     1.9921875000     0.7547291750    -0.0306726171     1.5131229058    -0.0423993713
     2.0156250000     0.7234946793    -0.1408583135     1.5307666647    -0.2479717686
     2.0390625000     0.8000938665    -0.0442585047     1.6428442781    -0.0576834991
     2.0625000000     0.7402262332    -0.0353320691     1.5673061392    -0.0531447917
     2.0859375000     0.7127537353    -0.0341165893     1.5415417648    -0.0558608755
     2.1093750000     0.6864125668    -0.0659192735     1.5238661977    -0.1275332661
     2.1328125000     0.7277322551    -0.0388956506     1.6231402507    -0.0621820360
     2.1562500000     0.6774047807    -0.0315989206     1.5461980179    -0.0576992615
     2.1796875000     0.6943188345    -0.0397706065     1.6094300774    -0.0712537667
     2.2031250000     0.6657390769    -0.0137622532     1.5692112862    -0.0200993233
     2.2265625000     0.6407704328    -0.0136007897     1.5363387965    -0.0222052462
     2.2500000000     0.6220466856    -0.0106125458     1.5146495892    -0.0165454923
     2.2734375000     0.5999728434    -0.0130148203     1.4812682889    -0.0252954308
     2.2968750000     0.5748451196    -0.0418917199     1.4421968290    -0.1152886050
     2.3203125000     0.6027014800    -0.0242886240     1.5414147815    -0.0559689023
     2.3437500000     0.5871342089    -0.0190247209     1.5217719666    -0.0443679722
     2.3671875000     0.5792394247    -0.0202998125     1.5240841710    -0.0496909403
     2.3906250000     0.5693397001    -0.0089637539     1.5175218482    -0.0169318684
     2.4140625000     0.5541663184    -0.0064110132     1.4943224544    -0.0101805648
     2.4375000000     0.5412355508    -0.0055231688     1.4761973069    -0.0081808932
     2.4609375000     0.5289068330    -0.0070899168     1.4582648666    -0.0146881615
     2.4843750000     0.5244321763    -0.0088607875     1.4672796715    -0.0215757311
     2.5078125000     0.5132647054    -0.0051532367     1.4503425581    -0.0089447554
     2.5312500000     0.5025849215    -0.0049886287     1.4337983926    -0.0091506247
     2.5546875000     0.4908671597    -0.0085584435     1.4115414606    -0.0249280764
     2.5781250000     0.4924114323    -0.0081603655     1.4426484518    -0.0230812865
     2.6015625000     0.4808062401    -0.0052260142     1.4180618580    -0.0120541014
     2.6250000000     0.4733901273    -0.0061399897     1.4102970880    -0.0168590238
     2.6484375000     0.4631367863    -0.0055470762     1.3881596699    -0.0153362353
     2.6718750000     0.4514160165    -0.0096590126     1.3574444532    -0.0368706732
     2.6953125000     0.4552183240    -0.0114311616     1.4009305598    -0.0446337835
     2.7187500000     0.4380487482    -0.0121760142     1.3397884363    -0.0529227020
     2.7421875000     0.4510166390    -0.0268057975     1.4360227153    -0.1208437225
     2.7656250000     0.4513963213    -0.0227415881     1.4602188946    -0.1008686308
     2.7890625000     0.4468101669    -0.0072480249     1.4569609117    -0.0258478029
     2.8125000000     0.4354766549    -0.0042034120     1.4228142008    -0.0117254891
     2.8359375000     0.4265782321    -0.0037838887     1.3993344084    -0.0103650118
     2.8593750000     0.4179616140    -0.0058905886     1.3757246007    -0.0232954944
     2.8828125000     0.4145192709    -0.0100927490     1.3812151429    -0.0482950982
     2.9062500000     0.4111833273    -0.0051879494     1.3849842296    -0.0202809282
     2.9296875000     0.4043891175    -0.0060614360     1.3686545051    -0.0266674703
     2.9531250000     0.3940897270    -0.0094291982     1.3292655785    -0.0502968890
     2.9765625000     0.4092899199    -0.0223571568     1.4536421411    -0.1226904417
     3.0000000000     0.4023152162    -0.0063820379     1.4289452637    -0.0290544440
     3.0234375000     0.3953669985    -0.0032928205     1.4090982616    -0.0107058921
     3.0468750000     0.3893917167    -0.0025729908     1.3944900852    -0.0066180980
     3.0703125000     0.3841474828    -0.0021352618     1.3836500312    -0.0041258017
     3.0937500000     0.3793894846    -0.0019593777     1.3752269679    -0.0032760965
     3.1171875000     0.3749591363    -0.0018456060     1.3682955235    -0.0027972500
     3.1406250000     0.3707415008    -0.0017616600     1.3621542091    -0.0024934427
     3.1640625000     0.3666931062    -0.0016979536     1.3565600729    -0.0023105759
     3.1875000000     0.3627810511    -0.0016566601     1.3513242174    -0.0022767739
     3.2109375000     0.3589990732    -0.0016059855     1.3464419533    -0.0021561620
     3.2343750000     0.3552805508    -0.0015766954     1.3414318307    -0.0021921050
     3.2578125000     0.3516008611    -0.0016136369     1.3361105658    -0.0027593284
     3.2812500000     0.3479756993    -0.0019622064     1.3306306568    -0.0059165811
     3.3046875000     0.3453463286    -0.0017916700     1.3328430177    -0.0047397714
     3.3281250000     0.3417821430    -0.0015791947     1.3267247036    -0.0032410734
     3.3515625000     0.3385712118    -0.0016632628     1.3230672866    -0.0042370201
     3.3750000000     0.3354729894    -0.0014797630     1.3198467045    -0.0028807119
     3.3984375000     0.3321404437    -0.0014309322     1.3139949561    -0.0027079813
     3.4218750000     0.3288961902    -0.0015289759     1.3083544163    -0.0038760245
     3.4453125000     0.3253283602    -0.0019860581     1.2990963274    -0.0085104940
     3.4687500000     0.3239648974    -0.0025544357     1.3102641561    -0.0140878398
     3.4921875000     0.3206412140    -0.0020529119     1.3022207416    -0.0097218342
     3.5156250000     0.3175916463    -0.0018214854     1.2962570607    -0.0078170579
     3.5390625000     0.3136117121    -0.0025833640     1.2804086761    -0.0160275665
     3.5625000000     0.3138533122    -0.0083639841     1.3088966463    -0.0746167483
     3.5859375000     0.3129474265    -0.0024710640     1.3215911060    -0.0150004556
     3.6093750000     0.3099954360    -0.0019384704     1.3150596726    -0.0099455412
     3.6328125000     0.3067243920    -0.0013492844     1.3045567979    -0.0041195963
     3.6562500000     0.3037216900    -0.0012644055     1.2962724278    -0.0034880179
     3.6796875000     0.3007403990    -0.0013377104     1.2875877109    -0.0045750012
     3.7031250000     0.2973737736    -0.0019642535     1.2739618201    -0.0119995628
     3.7265625000     0.2969400032    -0.0063866899     1.2943897716    -0.0621914082
     3.7500000000     0.2965246557    -0.0018450936     1.3121681776    -0.0107783750
     3.7734375000     0.2933266374    -0.0012430248     1.2992457518    -0.0042446119
     3.7968750000     0.2906375161    -0.0012793331     1.2916154615    -0.0049460419
     3.8203125000     0.2886116862    -0.0011298063     1.2913512710    -0.0033673598
     3.8437500000     0.2862296280    -0.0010177889     1.2864006950    -0.0022297420
     3.8671875000     0.2840889729    -0.0009805132     1.2839597478    -0.0019586564
     3.8906250000     0.2819090171    -0.0009160349     1.2806157802    -0.0013387527
     3.9140625000     0.2797970746    -0.0008903638     1.2777133234    -0.0011882249
     3.9375000000     0.2777358981    -0.0008728633     1.2750561746    -0.0011334436
     3.9609375000     0.2757121727    -0.0008693291     1.2724900951    -0.0012562710
     3.9843750000     0.2737788421    -0.0008556646     1.2707326793    -0.0012385943
     4.0078125000     0.2718284838    -0.0008247327     1.2683732074    -0.0009868730
     4.0312500000     0.2699200875    -0.0008095902     1.2662065066    -0.0009398546
     4.0546875000     0.2680428203    -0.0007945314     1.2640970666    -0.0008888351
     4.0781250000     0.2661957721    -0.0007835021     1.2620429256    -0.0008895123
     4.1015625000     0.2643867581    -0.0007748195     1.2601660137    -0.0009194065
     4.1250000000     0.2626033812    -0.0007591485     1.2583008446    -0.0008454605
     4.1484375000     0.2608426103    -0.0007469318     1.2564117889    -0.0008172161
     4.1718750000     0.2591096068    -0.0007347785     1.2545818895    -0.0007856761
     4.1953125000     0.2574042535    -0.0007263169     1.2528193834    -0.0008055615
     4.2187500000     0.2557225134    -0.0007131268     1.2510716651    -0.0007505717
     4.2421875000     0.2540636753    -0.0007036161     1.2493360501    -0.0007481116
     4.2656250000     0.2524310732    -0.0006963110     1.2476721121    -0.0007768977
     4.2890625000     0.2508239747    -0.0006836844     1.2460771262    -0.0007186108
     4.3125000000     0.2492347996    -0.0006732501     1.2444390304    -0.0006915561
     4.3359375000     0.2476682580    -0.0006640724     1.2428393959    -0.0006813333
     4.3593750000     0.2461234907    -0.0006547793     1.2412718228    -0.0006660697
     4.3828125000     0.2445995810    -0.0006458490     1.2397285711    -0.0006536991
     4.4062500000     0.2430960990    -0.0006371947     1.2382094947    -0.0006429460
     4.4296875000     0.2416126279    -0.0006287590     1.2367144699    -0.0006329716
     4.4531250000     0.2401486947    -0.0006205211     1.2352422038    -0.0006235326
     4.4765625000     0.2387038537    -0.0006125065     1.2337916411    -0.0006151762
     4.5000000000     0.2372778574    -0.0006046227     1.2323650029    -0.0006063647
     4.5234375000     0.2358699794    -0.0005968621     1.2309558411    -0.0005970496
     4.5468750000     0.2344800437    -0.0005893671     1.2295672503    -0.0005898597
     4.5703125000     0.2331076799    -0.0005819032     1.2281987011    -0.0005806267
     4.5937500000     0.2317524190    -0.0005746396     1.2268476719    -0.0005725086
     4.6171875000     0.2304139833    -0.0005675349     1.2255149520    -0.0005648255
     4.6406250000     0.2290920278    -0.0005605744     1.2241999378    -0.0005573835
     4.6640625000     0.2277862217    -0.0005537529     1.2229021140    -0.0005501530
     4.6875000000     0.2264962441    -0.0005470666     1.2216209937    -0.0005431331
     4.7109375000     0.2252217808    -0.0005405148     1.2203560614    -0.0005363766
     4.7343750000     0.2239625236    -0.0005341237     1.2191067523    -0.0005304789
     4.7578125000     0.2227182764    -0.0005278255     1.2178745975    -0.0005241512
     4.7812500000     0.2214886114    -0.0005217951     1.2166563591    -0.0005210125
     4.8046875000     0.2202734618    -0.0005155803     1.2154559071    -0.0005118884
     4.8281250000     0.2190723669    -0.0005096828     1.2142690400    -0.0005071052
     4.8515625000     0.2178850409    -0.0005037243     1.2130948427    -0.0004988947
     4.8750000000     0.2167112740    -0.0004979474     1.2119339168    -0.0004923592
     4.8984375000     0.2155508652    -0.0004923009     1.2107869394    -0.0004864981
     4.9218750000     0.2144035671    -0.0004867580     1.2096534849    -0.0004807998
     4.9453125000     0.2132691393    -0.0004813155     1.2085331570    -0.0004752522
     4.9687500000     0.2121473527    -0.0004759699     1.2074256810    -0.0004698275
     4.9921875000     0.2110379838    -0.0004707183     1.2063307852    -0.0004645151
     5.0156250000     0.2099408150    -0.0004655586     1.2052482158    -0.0004593114
     5.0390625000     0.2088556346    -0.0004604878     1.2041777338    -0.0004542035
     5.0625000000     0.2077822354    -0.0004555043     1.2031190970    -0.0004491949
     5.0859375000     0.2067204161    -0.0004506057     1.2020720860    -0.0004442813
     5.1093750000     0.2056699799    -0.0004457901     1.2010364830    -0.0004394592
     5.1328125000     0.2046307347    -0.0004410555     1.2000120773    -0.0004347254
     5.1562500000     0.2036024932    -0.0004363998     1.1989986648    -0.0004300775
     5.1796875000     0.2025850723    -0.0004318214     1.1979960477    -0.0004255128
     5.2031250000     0.2015782931    -0.0004273183     1.1970040335    -0.0004210289
     5.2265625000     0.2005819811    -0.0004228889     1.1960224356    -0.0004166237
     5.2500000000     0.1995959657    -0.0004185314     1.1950510729    -0.0004122948
     5.2734375000     0.1986200801    -0.0004142443     1.1940897679    -0.0004080401
     5.2968750000     0.1976541614    -0.0004100259     1.1931383489    -0.0004038580
     5.3203125000     0.1966980502    -0.0004058748     1.1921966488    -0.0003997477
     5.3437500000     0.1957515909    -0.0004017894     1.1912645074    -0.0003957044
     5.3671875000     0.1948146310    -0.0003977682     1.1903417607    -0.0003917289
     5.3906250000     0.1938870219    -0.0003938103     1.1894282633    -0.0003878280
     5.4140625000     0.1929686175    -0.0003899130     1.1885238565    -0.0003839691
     5.4375000000     0.1920592751    -0.0003860763     1.1876283894    -0.0003801821
     5.4609375000     0.1911588555    -0.0003822985     1.1867417245    -0.0003764562
     5.4843750000     0.1902672220    -0.0003785784     1.1858637215    -0.0003727899
     5.5078125000     0.1893842412    -0.0003749147     1.1849942434    -0.0003691812
     5.5312500000     0.1885097821    -0.0003713062     1.1841331567    -0.0003656288
     5.5546875000     0.1876437166    -0.0003677517     1.1832803309    -0.0003621315
     5.5781250000     0.1867859195    -0.0003642503     1.1824356386    -0.0003586879
     5.6015625000     0.1859362677    -0.0003608007     1.1815989554    -0.0003552968
     5.6250000000     0.1850946411    -0.0003574019     1.1807701595    -0.0003519570
     5.6484375000     0.1842609218    -0.0003540528     1.1799491320    -0.0003486674
     5.6718750000     0.1834349943    -0.0003507525     1.1791357566    -0.0003454269
     5.6953125000     0.1826167455    -0.0003475001     1.1783299195    -0.0003422344
     5.7187500000     0.1818060645    -0.0003442944     1.1775315094    -0.0003390890
     5.7421875000     0.1810028427    -0.0003411346     1.1767404173    -0.0003359894
     5.7656250000     0.1802069735    -0.0003380199     1.1759565367    -0.0003329349
     5.7890625000     0.1794183526    -0.0003349492     1.1751797632    -0.0003299244
     5.8125000000     0.1786368776    -0.0003319218     1.1744099947    -0.0003269571
     5.8359375000     0.1778624481    -0.0003289368     1.1736471310    -0.0003240320
     5.8593750000     0.1770949656    -0.0003259934     1.1728910743    -0.0003211483
     5.8828125000     0.1763343336    -0.0003230908     1.1721417285    -0.0003183051
     5.9062500000     0.1755804575    -0.0003202283     1.1713989995    -0.0003155016
     5.9296875000     0.1748332442    -0.0003174049     1.1706627953    -0.0003127372
     5.9531250000     0.1740926027    -0.0003146202     1.1699330255    -0.0003100107
     5.9765625000     0.1733584435    -0.0003118732     1.1692096014    -0.0003073218
     6.0000000000     0.1726306788    -0.0003091633     1.1684924365    -0.0003046695
     6.0234375000     0.1719092225    -0.0003064898     1.1677814455    -0.0003020531
     6.0468750000     0.1711939902    -0.0003038520     1.1670765449    -0.0002994721
     6.0703125000     0.1704848987    -0.0003012494     1.1663776530    -0.0002969256
     6.0937500000     0.1697818666    -0.0002986812     1.1656846894    -0.0002944130
     6.1171875000     0.1690848140    -0.0002961468     1.1649975754    -0.0002919338
     6.1406250000     0.1683936622    -0.0002936456     1.1643162335    -0.0002894872
     6.1640625000     0.1677083342    -0.0002911770     1.1636405880    -0.0002870727
     6.1875000000     0.1670287542    -0.0002887404     1.1629705645    -0.0002846897
     6.2109375000     0.1663548478    -0.0002863353     1.1623060898    -0.0002823375
     6.2343750000     0.1656865420    -0.0002839611     1.1616470922    -0.0002800157
     6.2578125000     0.1650237650    -0.0002816173     1.1609935012    -0.0002777237
     6.2812500000     0.1643664461    -0.0002793033     1.1603452478    -0.0002754609
     6.3046875000     0.1637145162    -0.0002770186     1.1597022639    -0.0002732269
     6.3281250000     0.1630679071    -0.0002747627     1.1590644829    -0.0002710210
     6.3515625000     0.1624265519    -0.0002725351     1.1584318392    -0.0002688429
     6.3750000000     0.1617903849    -0.0002703354     1.1578042685    -0.0002666919
     6.3984375000     0.1611593413    -0.0002681629     1.1571817075    -0.0002645678
     6.4218750000     0.1605333577    -0.0002660174     1.1565640941    -0.0002624699
     6.4453125000     0.1599123716    -0.0002638983     1.1559513672    -0.0002603978
     6.4687500000     0.1592963216    -0.0002618051     1.1553434668    -0.0002583511
     6.4921875000     0.1586851473    -0.0002597376     1.1547403339    -0.0002563294
     6.5156250000     0.1580787893    -0.0002576951     1.1541419105    -0.0002543322
     6.5390625000     0.1574771893    -0.0002556773     1.1535481396    -0.0002523591
     6.5625000000     0.1568802897    -0.0002536839     1.1529589653    -0.0002504098
     6.5859375000     0.1562880343    -0.0002517143     1.1523743323    -0.0002484837
     6.6093750000     0.1557003673    -0.0002497682     1.1517941864    -0.0002465806
     6.6328125000     0.1551172342    -0.0002478453     1.1512184745    -0.0002447000
     6.6562500000     0.1545385812    -0.0002459451     1.1506471441    -0.0002428416
     6.6796875000     0.1539643555    -0.0002440673     1.1500801436    -0.0002410050
     6.7031250000     0.1533945049    -0.0002422115     1.1495174223    -0.0002391899
     6.7265625000     0.1528289783    -0.0002403774     1.1489589304    -0.0002373959
     6.7500000000     0.1522677253    -0.0002385646     1.1484046187    -0.0002356227
     6.7734375000     0.1517106964    -0.0002367728     1.1478544390    -0.0002338699
     6.7968750000     0.1511578426    -0.0002350016     1.1473083437    -0.0002321372
     6.8203125000     0.1506091161    -0.0002332508     1.1467662860    -0.0002304243
     6.8437500000     0.1500644695    -0.0002315200     1.1462282200    -0.0002287309
     6.8671875000     0.1495238562    -0.0002298089     1.1456941002    -0.0002270567
     6.8906250000     0.1489872305    -0.0002281172     1.1451638822    -0.0002254014
     6.9140625000     0.1484545473    -0.0002264446     1.1446375220    -0.0002237646
     6.9375000000     0.1479257621    -0.0002247908     1.1441149764    -0.0002221462
     6.9609375000     0.1474008311    -0.0002231555     1.1435962028    -0.0002205458
     6.9843750000     0.1468797114    -0.0002215385     1.1430811594    -0.0002189631
     7.0078125000     0.1463623606    -0.0002199394     1.1425698048    -0.0002173978
     7.0312500000     0.1458487367    -0.0002183580     1.1420620985    -0.0002158498
     7.0546875000     0.1453387988    -0.0002167940     1.1415580003    -0.0002143188
     7.0781250000     0.1448325063    -0.0002152472     1.1410574710    -0.0002128044
     7.1015625000     0.1443298192    -0.0002137173     1.1405604716    -0.0002113064
     7.1250000000     0.1438306983    -0.0002122040     1.1400669640    -0.0002098247
     7.1484375000     0.1433351048    -0.0002107071     1.1395769105    -0.0002083589
     7.1718750000     0.1428430005    -0.0002092265     1.1390902738    -0.0002069088
     7.1953125000     0.1423543479    -0.0002077617     1.1386070176    -0.0002054743
     7.2187500000     0.1418691098    -0.0002063126     1.1381271057    -0.0002040549
     7.2421875000     0.1413872498    -0.0002048790     1.1376505026    -0.0002026507
     7.2656250000     0.1409087319    -0.0002034606     1.1371771733    -0.0002012612
     7.2890625000     0.1404335205    -0.0002020573     1.1367070834    -0.0001998864
     7.3125000000     0.1399615809    -0.0002006688     1.1362401989    -0.0001985259
     7.3359375000     0.1394928784    -0.0001992948     1.1357764862    -0.0001971796
     7.3593750000     0.1390273792    -0.0001979353     1.1353159124    -0.0001958474
     7.3828125000     0.1385650498    -0.0001965899     1.1348584448    -0.0001945289
     7.4062500000     0.1381058572    -0.0001952585     1.1344040515    -0.0001932240
     7.4296875000     0.1376497688    -0.0001939409     1.1339527007    -0.0001919325
     7.4531250000     0.1371967525    -0.0001926369     1.1335043614    -0.0001906542
     7.4765625000     0.1367467768    -0.0001913462     1.1330590026    -0.0001893890
     7.5000000000     0.1362998105    -0.0001900688     1.1326165942    -0.0001881366
     7.5234375000     0.1358558227    -0.0001888044     1.1321771061    -0.0001868968
     7.5468750000     0.1354147832    -0.0001875529     1.1317405090    -0.0001856696
     7.5703125000     0.1349766621    -0.0001863140     1.1313067737    -0.0001844547
     7.5937500000     0.1345414299    -0.0001850877     1.1308758715    -0.0001832520
     7.6171875000     0.1341090575    -0.0001838736     1.1304477742    -0.0001820612
     7.6406250000     0.1336795162    -0.0001826718     1.1300224538    -0.0001808822
     7.6640625000     0.1332527776    -0.0001814819     1.1295998829    -0.0001797150
     7.6875000000     0.1328288140    -0.0001803038     1.1291800342    -0.0001785592
     7.7109375000     0.1324075976    -0.0001791374     1.1287628810    -0.0001774148
     7.7343750000     0.1319891014    -0.0001779826     1.1283483968    -0.0001762816
     7.7578125000     0.1315732986    -0.0001768391     1.1279365555    -0.0001751594
     7.7812500000     0.1311601627    -0.0001757068     1.1275273315    -0.0001740482
     7.8046875000     0.1307496676    -0.0001745856     1.1271206993    -0.0001729477
     7.8281250000     0.1303417875    -0.0001734752     1.1267166339    -0.0001718578
     7.8515625000     0.1299364971    -0.0001723757     1.1263151105    -0.0001707784
     7.8750000000     0.1295337712    -0.0001712868     1.1259161048    -0.0001697094
     7.8984375000     0.1291335852    -0.0001702083     1.1255195927    -0.0001686506
     7.9218750000     0.1287359145    -0.0001691403     1.1251255503    -0.0001676018
     7.9453125000     0.1283407351    -0.0001680824     1.1247339543    -0.0001665630
     7.9687500000     0.1279480232    -0.0001670346     1.1243447815    -0.0001655340
     7.9921875000     0.1275577554    -0.0001659968     1.1239580089    -0.0001645147
     8.0156250000     0.1271699083    -0.0001649688     1.1235736141    -0.0001635049
     8.0390625000     0.1267844592    -0.0001639505     1.1231915748    -0.0001625047
     8.0625000000     0.1264013854    -0.0001629418     1.1228118689    -0.0001615137
     8.0859375000     0.1260206646    -0.0001619426     1.1224344748    -0.0001605319
     8.1093750000     0.1256422749    -0.0001609527     1.1220593709    -0.0001595593
     8.1328125000     0.1252661944    -0.0001599720     1.1216865362    -0.0001585956
     8.1562500000     0.1248924017    -0.0001590004     1.1213159498    -0.0001576408
     8.1796875000     0.1245208757    -0.0001580378     1.1209475909    -0.0001566947
     8.2031250000     0.1241515953    -0.0001570840     1.1205814392    -0.0001557573
     8.2265625000     0.1237845399    -0.0001561391     1.1202174745    -0.0001548284
     8.2500000000     0.1234196890    -0.0001552028     1.1198556770    -0.0001539079
     8.2734375000     0.1230570226    -0.0001542750     1.1194960270    -0.0001529958
     8.2968750000     0.1226965208    -0.0001533557     1.1191385052    -0.0001520919
     8.3203125000     0.1223381637    -0.0001524447     1.1187830923    -0.0001511961
     8.3437500000     0.1219819321    -0.0001515420     1.1184297694    -0.0001503084
     8.3671875000     0.1216278067    -0.0001506474     1.1180785179    -0.0001494286
     8.3906250000     0.1212757686    -0.0001497608     1.1177293192    -0.0001485566
     8.4140625000     0.1209257991    -0.0001488822     1.1173821551    -0.0001476923
     8.4375000000     0.1205778796    -0.0001480114     1.1170370076    -0.0001468357
     8.4609375000     0.1202319919    -0.0001471483     1.1166938589    -0.0001459867
     8.4843750000     0.1198881179    -0.0001462930     1.1163526913    -0.0001451451
     8.5078125000     0.1195462399    -0.0001454451     1.1160134875    -0.0001443109
     8.5312500000     0.1192063401    -0.0001446048     1.1156762304    -0.0001434840
     8.5546875000     0.1188684012    -0.0001437718     1.1153409028    -0.0001426643
     8.5781250000     0.1185324060    -0.0001429462     1.1150074881    -0.0001418517
     8.6015625000     0.1181983375    -0.0001421277     1.1146759696    -0.0001410461
     8.6250000000     0.1178661788    -0.0001413164     1.1143463310    -0.0001402475
     8.6484375000     0.1175359134    -0.0001405121     1.1140185560    -0.0001394558
     8.6718750000     0.1172075248    -0.0001397148     1.1136926287    -0.0001386708
     8.6953125000     0.1168809969    -0.0001389243     1.1133685333    -0.0001378926
     8.7187500000     0.1165563136    -0.0001381407     1.1130462540    -0.0001371210
     8.7421875000     0.1162334591    -0.0001373638     1.1127257755    -0.0001363559
     8.7656250000     0.1159124177    -0.0001365935     1.1124070825    -0.0001355973
     8.7890625000     0.1155931739    -0.0001358297     1.1120901598    -0.0001348452
     8.8125000000     0.1152757125    -0.0001350725     1.1117749926    -0.0001340993
     8.8359375000     0.1149600184    -0.0001343217     1.1114615660    -0.0001333598
     8.8593750000     0.1146460765    -0.0001335772     1.1111498656    -0.0001326264
     8.8828125000     0.1143338721    -0.0001328390     1.1108398767    -0.0001318992
     8.9062500000     0.1140233906    -0.0001321070     1.1105315852    -0.0001311780
     8.9296875000     0.1137146176    -0.0001313811     1.1102249771    -0.0001304627
     8.9531250000     0.1134075387    -0.0001306613     1.1099200382    -0.0001297534
     8.9765625000     0.1131021399    -0.0001299474     1.1096167549    -0.0001290500
     9.0000000000     0.1127984072    -0.0001292395     1.1093151135    -0.0001283523
     9.0234375000     0.1124963268    -0.0001285374     1.1090151005    -0.0001276604
     9.0468750000     0.1121958851    -0.0001278412     1.1087167025    -0.0001269741
     9.0703125000     0.1118970685    -0.0001271506     1.1084199065    -0.0001262934
     9.0937500000     0.1115998636    -0.0001264658     1.1081246994    -0.0001256183
     9.1171875000     0.1113042574    -0.0001257865     1.1078310681    -0.0001249486
     9.1406250000     0.1110102367    -0.0001251127     1.1075390001    -0.0001242843
     9.1640625000     0.1107177887    -0.0001244445     1.1072484827    -0.0001236254
     9.1875000000     0.1104269005    -0.0001237816     1.1069595033    -0.0001229718
     9.2109375000     0.1101375596    -0.0001231242     1.1066720497    -0.0001223234
     9.2343750000     0.1098497534    -0.0001224720     1.1063861096    -0.0001216802
     9.2578125000     0.1095634696    -0.0001218250     1.1061016710    -0.0001210422
     9.2812500000     0.1092786960    -0.0001211833     1.1058187219    -0.0001204092
     9.3046875000     0.1089954205    -0.0001205466     1.1055372505    -0.0001197812
     9.3281250000     0.1087136311    -0.0001199151     1.1052572451    -0.0001191582
     9.3515625000     0.1084333160    -0.0001192886     1.1049786941    -0.0001185401
     9.3750000000     0.1081544634    -0.0001186670     1.1047015860    -0.0001179268
     9.3984375000     0.1078770619    -0.0001180503     1.1044259096    -0.0001173184
     9.4218750000     0.1076011000    -0.0001174386     1.1041516537    -0.0001167147
     9.4453125000     0.1073265663    -0.0001168316     1.1038788071    -0.0001161157
     9.4687500000     0.1070534497    -0.0001162293     1.1036073589    -0.0001155214
     9.4921875000     0.1067817389    -0.0001156318     1.1033372982    -0.0001149317
     9.5156250000     0.1065114231    -0.0001150390     1.1030686143    -0.0001143465
     9.5390625000     0.1062424914    -0.0001144507     1.1028012965    -0.0001137659
     9.5625000000     0.1059749331    -0.0001138670     1.1025353344    -0.0001131897
     9.5859375000     0.1057087375    -0.0001132879     1.1022707175    -0.0001126180
     9.6093750000     0.1054438940    -0.0001127132     1.1020074356    -0.0001120506
     9.6328125000     0.1051803923    -0.0001121429     1.1017454783    -0.0001114875
     9.6562500000     0.1049182221    -0.0001115770     1.1014848357    -0.0001109287
     9.6796875000     0.1046573732    -0.0001110154     1.1012254977    -0.0001103742
     9.7031250000     0.1043978355    -0.0001104581     1.1009674545    -0.0001098239
     9.7265625000     0.1041395989    -0.0001099050     1.1007106962    -0.0001092777
     9.7500000000     0.1038826536    -0.0001093562     1.1004552133    -0.0001087356
     9.7734375000     0.1036269899    -0.0001088114     1.1002009960    -0.0001081976
     9.7968750000     0.1033725979    -0.0001082708     1.0999480350    -0.0001076636
     9.8203125000     0.1031194682    -0.0001077343     1.0996963207    -0.0001071337
     9.8437500000     0.1028675913    -0.0001072018     1.0994458440    -0.0001066076
     9.8671875000     0.1026169577    -0.0001066733     1.0991965956    -0.0001060855
     9.8906250000     0.1023675582    -0.0001061488     1.0989485664    -0.0001055672
     9.9140625000     0.1021193835    -0.0001056281     1.0987017474    -0.0001050528
     9.9375000000     0.1018724245    -0.0001051113     1.0984561296    -0.0001045422
     9.9609375000     0.1016266722    -0.0001045984     1.0982117042    -0.0001040353
     9.9843750000     0.1013821178    -0.0001040892     1.0979684624    -0.0001035321
    10.0078125000     0.1011387522    -0.0001035838     1.0977263956    -0.0001030326
    10.0312500000     0.1008965669    -0.0001030821     1.0974854952    -0.0001025368
    10.0546875000     0.1006555530    -0.0001025841     1.0972457527    -0.0001020445
    10.0781250000     0.1004157021    -0.0001020897     1.0970071596    -0.0001015559
    10.1015625000     0.1001770056    -0.0001015990     1.0967697077    -0.0001010708
    10.1250000000     0.0999394552    -0.0001011118     1.0965333886    -0.0001005892
    10.1484375000     0.0997030424    -0.0001006281     1.0962981943    -0.0001001110
    10.1718750000     0.0994677590    -0.0001001480     1.0960641165    -0.0000996363
    10.1953125000     0.0992335969    -0.0000996713     1.0958311474    -0.0000991650
    10.2187500000     0.0990005480    -0.0000991981     1.0955992789    -0.0000986971
    10.2421875000     0.0987686042    -0.0000987282     1.0953685032    -0.0000982325
    10.2656250000     0.0985377577    -0.0000982618     1.0951388125    -0.0000977712
    10.2890625000     0.0983080005    -0.0000977986     1.0949101991    -0.0000973132
    10.3125000000     0.0980793250    -0.0000973388     1.0946826553    -0.0000968584
    10.3359375000     0.0978517232    -0.0000968823     1.0944561737    -0.0000964069
    10.3593750000     0.0976251878    -0.0000964289     1.0942307466    -0.0000959585
    10.3828125000     0.0973997110    -0.0000959788     1.0940063668    -0.0000955132
    10.4062500000     0.0971752854    -0.0000955319     1.0937830267    -0.0000950711
    10.4296875000     0.0969519036    -0.0000950881     1.0935607192    -0.0000946321
    10.4531250000     0.0967295582    -0.0000946475     1.0933394371    -0.0000941962
    10.4765625000     0.0965082420    -0.0000942099     1.0931191731    -0.0000937633
    10.5000000000     0.0962879477    -0.0000937754     1.0928999202    -0.0000933334
    10.5234375000     0.0960686682    -0.0000933439     1.0926816714    -0.0000929064
    10.5468750000     0.0958503965    -0.0000929155     1.0924644198    -0.0000924825
    10.5703125000     0.0956331255    -0.0000924900     1.0922481584    -0.0000920614
    10.5937500000     0.0954168482    -0.0000920674     1.0920328804    -0.0000916433
    10.6171875000     0.0952015579    -0.0000916478     1.0918185792    -0.0000912280
    10.6406250000     0.0949872476    -0.0000912311     1.0916052479    -0.0000908155
    10.6640625000     0.0947739107    -0.0000908172     1.0913928800    -0.0000904059
    10.6875000000     0.0945615404    -0.0000904062     1.0911814689    -0.0000899991
    10.7109375000     0.0943501302    -0.0000899980     1.0909710080    -0.0000895950
    10.7343750000     0.0941396734    -0.0000895926     1.0907614910    -0.0000891937
    10.7578125000     0.0939301636    -0.0000891899     1.0905529114    -0.0000887950
    10.7812500000     0.0937215943    -0.0000887900     1.0903452629    -0.0000883991
    10.8046875000     0.0935139592    -0.0000883928     1.0901385392    -0.0000880059
    10.8281250000     0.0933072518    -0.0000879983     1.0899327341    -0.0000876152
    10.8515625000     0.0931014660    -0.0000876064     1.0897278415    -0.0000872272
    10.8750000000     0.0928965954    -0.0000872172     1.0895238552    -0.0000868418
    10.8984375000     0.0926926341    -0.0000868306     1.0893207691    -0.0000864590
    10.9218750000     0.0924895758    -0.0000864466     1.0891185774    -0.0000860787
    10.9453125000     0.0922874145    -0.0000860651     1.0889172739    -0.0000857009
    10.9687500000     0.0920861442    -0.0000856862     1.0887168529    -0.0000853257
    10.9921875000     0.0918857591    -0.0000853098     1.0885173085    -0.0000849529
    11.0156250000     0.0916862531    -0.0000849360     1.0883186349    -0.0000845826
    11.0390625000     0.0914876205    -0.0000845646     1.0881208264    -0.0000842147
    11.0625000000     0.0912898555    -0.0000841956     1.0879238773    -0.0000838492
    11.0859375000     0.0910929523    -0.0000838291     1.0877277819    -0.0000834862
    11.1093750000     0.0908969053    -0.0000834650     1.0875325346    -0.0000831255
    11.1328125000     0.0907017089    -0.0000831033     1.0873381300    -0.0000827671
    11.1562500000     0.0905073574    -0.0000827440     1.0871445625    -0.0000824111
    11.1796875000     0.0903138454    -0.0000823870     1.0869518268    -0.0000820574
    11.2031250000     0.0901211674    -0.0000820323     1.0867599173    -0.0000817060
    11.2265625000     0.0899293179    -0.0000816799     1.0865688288    -0.0000813569
    11.2500000000     0.0897382916    -0.0000813299     1.0863785559    -0.0000810100
    11.2734375000     0.0895480830    -0.0000809821     1.0861890935    -0.0000806653
    11.2968750000     0.0893586870    -0.0000806365     1.0860004362    -0.0000803229
    11.3203125000     0.0891700983    -0.0000802932     1.0858125790    -0.0000799826
    11.3437500000     0.0889823116    -0.0000799521     1.0856255166    -0.0000796445
    11.3671875000     0.0887953219    -0.0000796131     1.0854392441    -0.0000793086
    11.3906250000     0.0886091239    -0.0000792764     1.0852537564    -0.0000789748
    11.4140625000     0.0884237127    -0.0000789418     1.0850690486    -0.0000786432
    11.4375000000     0.0882390833    -0.0000786093     1.0848851156    -0.0000783136
    11.4609375000     0.0880552305    -0.0000782790     1.0847019525    -0.0000779861
    11.4843750000     0.0878721496    -0.0000779507     1.0845195546    -0.0000776607
    11.5078125000     0.0876898356    -0.0000776245     1.0843379169    -0.0000773373
    11.5312500000     0.0875082837    -0.0000773004     1.0841570348    -0.0000770160
    11.5546875000     0.0873274890    -0.0000769783     1.0839769034    -0.0000766967
    11.5781250000     0.0871474467    -0.0000766583     1.0837975180    -0.0000763794
    11.6015625000     0.0869681522    -0.0000763403     1.0836188741    -0.0000760640
    11.6250000000     0.0867896008    -0.0000760242     1.0834409669    -0.0000757507
    11.6484375000     0.0866117877    -0.0000757101     1.0832637919    -0.0000754392
    11.6718750000     0.0864347085    -0.0000753980     1.0830873446    -0.0000751297
    11.6953125000     0.0862583585    -0.0000750879     1.0829116204    -0.0000748221
    11.7187500000     0.0860827331    -0.0000747796     1.0827366149    -0.0000745165
    11.7421875000     0.0859078279    -0.0000744733     1.0825623236    -0.0000742126
    11.7656250000     0.0857336385    -0.0000741689     1.0823887422    -0.0000739107
    11.7890625000     0.0855601603    -0.0000738663     1.0822158662    -0.0000736106
    11.8125000000     0.0853873891    -0.0000735657     1.0820436914    -0.0000733124
    11.8359375000     0.0852153204    -0.0000732668     1.0818722135    -0.0000730160
    11.8593750000     0.0850439499    -0.0000729698     1.0817014282    -0.0000727214
    11.8828125000     0.0848732735    -0.0000726746     1.0815313313    -0.0000724285
    11.9062500000     0.0847032867    -0.0000723812     1.0813619186    -0.0000721375
    11.9296875000     0.0845339855    -0.0000720897     1.0811931859    -0.0000718482
    11.9531250000     0.0843653656    -0.0000717998     1.0810251292    -0.0000715607
    11.9765625000     0.0841974229    -0.0000715118     1.0808577444    -0.0000712749
    12.0000000000     0.0840301533    -0.0000712254     1.0806910274    -0.0000709908
