     0.1047197551     1.2135231362    -1.0792824618
     0.3141592654     0.9257818188    -1.0156401266
     0.5235987756     0.9744369132    -0.8885438777
     0.7330382858     0.9940393685    -0.7794117185
     0.9424777961     0.9985766293    -0.6909088159
     1.1519173063     0.9987446414    -0.6187089325
     1.3613568166     0.9979868799    -0.5588477633
     1.5707963268     0.9972376391    -0.5084996356
     1.7802358370     0.9966867255    -0.4656644355
     1.9896753473     0.9963253109    -0.4288746236
     2.1991148575     0.9961054615    -0.3970163845
     2.4085543678     0.9959825038    -0.3692239283
     2.6179938780     0.9959231084    -0.3448133099
     2.8274333882     0.9959042898    -0.3232379422
     3.0368728985     0.9959107339    -0.3040569803
     3.2463124087     0.9959324099    -0.2869120242
     3.4557519189     0.9959628125    -0.2715095635
     3.6651914292     0.9959977564    -0.2576075633
     3.8746309394     0.9960345753    -0.2450051127
     4.0840704497     0.9960715946    -0.2335343762
     4.2935099599     0.9961077872    -0.2230542929
     4.5029494701     0.9961425478    -0.2134456117
     4.7123889804     0.9961755451    -0.2046069569
     4.9218284906     0.9962066245    -0.1964516896
     5.1312680009     0.9962357443    -0.1889053904
     5.3407075111     0.9962629330    -0.1819038280
     5.5501470213     0.9962882619    -0.1753913106
     5.7595865316     0.9963118261    -0.1693193405
     5.9690260418     0.9963337332    -0.1636455104
     6.1784655521     0.9963540950    -0.1583325932
     6.3879050623     0.9963730228    -0.1533477873
     6.5973445725     0.9963906243    -0.1486620878
     6.8067840828     0.9964070021    -0.1442497612
     7.0162235930     0.9964222521    -0.1400879026
     7.2256631033     0.9964364639    -0.1361560627
     7.4351026135     0.9964497200    -0.1324359317
     7.6445421237     0.9964620967    -0.1289110695
     7.8539816340     0.9964736636    -0.1255666757
     8.0634211442     0.9964844849    -0.1223893926
     8.2728606545     0.9964946189    -0.1193671353
     8.4823001647     0.9965041192    -0.1164889449
     8.6917396749     0.9965130345    -0.1137448619
     8.9011791852     0.9965214095    -0.1111258157
     9.1106186954     0.9965292848    -0.1086235283
     9.3200582056     0.9965366976    -0.1062304306
     9.5294977159     0.9965436820    -0.1039395883
     9.7389372261     0.9965502690    -0.1017446378
     9.9483767364     0.9965564872    -0.0996397285
    10.1578162466     0.9965623627    -0.0976194730
    10.3672557568     0.9965679192    -0.0956789021
    10.5766952671     0.9965731789    -0.0938134255
    10.7861347773     0.9965781619    -0.0920187964
    10.9955742876     0.9965828867    -0.0902910804
    11.2050137978     0.9965873703    -0.0886266273
    11.4144533080     0.9965916286    -0.0870220461
    11.6238928183     0.9965956760    -0.0854741823
    11.8333323285     0.9965995259    -0.0839800982
    12.0427718388     0.9966031907    -0.0825370543
    12.2522113490     0.9966066817    -0.0811424932
    12.4616508592     0.9966100096    -0.0797940244
    12.6710903695     0.9966131843    -0.0784894117
    12.8805298797     0.9966162147    -0.0772265600
    13.0899693900     0.9966191094    -0.0760035055
    13.2994089002     0.9966218763    -0.0748184047
    13.5088484104     0.9966245225    -0.0736695257
    13.7182879207     0.9966270549    -0.0725552403
    13.9277274309     0.9966294799    -0.0714740157
    14.1371669412     0.9966318033    -0.0704244081
    14.3466064514     0.9966340306    -0.0694050562
    14.5560459616     0.9966361671    -0.0684146755
    14.7654854719     0.9966382175    -0.0674520530
    14.9749249821     0.9966401863    -0.0665160419
    15.1843644924     0.9966420778    -0.0656055579
    15.3938040026     0.9966438959    -0.0647195743
    15.6032435128     0.9966456442    -0.0638571189
    15.8126830231     0.9966473264    -0.0630172696
    16.0221225333     0.9966489456    -0.0621991522
    16.2315620435     0.9966505049    -0.0614019365
    16.4410015538     0.9966520072    -0.0606248342
    16.6504410640     0.9966534552    -0.0598670958
    16.8598805743     0.9966548515    -0.0591280087
    17.0693200845     0.9966561985    -0.0584068945
    17.2787595947     0.9966574984    -0.0577031073
    17.4881991050     0.9966587535    -0.0570160319
    17.6976386152     0.9966599657    -0.0563450815
    17.9070781255     0.9966611369    -0.0556896966
    18.1165176357     0.9966622690    -0.0550493430
    18.3259571459     0.9966633637    -0.0544235110
    18.5353966562     0.9966644225    -0.0538117131
    18.7448361664     0.9966654471    -0.0532134838
    18.9542756767     0.9966664388    -0.0526283777
    19.1637151869     0.9966673991    -0.0520559686
    19.3731546971     0.9966683293    -0.0514958487
    19.5825942074     0.9966692305    -0.0509476271
    19.7920337176     0.9966701040    -0.0504109297
    20.0014732279     0.9966709509    -0.0498853976
    20.2109127381     0.9966717723    -0.0493706866
    20.4203522483     0.9966725691    -0.0488664668
    20.6297917586     0.9966733424    -0.0483724210
    20.8392312688     0.9966740930    -0.0478882453
    21.0486707791     0.9966748218    -0.0474136471
    21.2581102893     0.9966755296    -0.0469483457
    21.4675497995     0.9966762173    -0.0464920712
    21.6769893098     0.9966768856    -0.0460445637
    21.8864288200     0.9966775351    -0.0456055734
    22.0958683302     0.9966781667    -0.0451748600
    22.3053078405     0.9966787809    -0.0447521919
    22.5147473507     0.9966793784    -0.0443373462
    22.7241868610     0.9966799598    -0.0439301081
    22.9336263712     0.9966805256    -0.0435302706
    23.1430658814     0.9966810765    -0.0431376340
    23.3525053917     0.9966816128    -0.0427520059
    23.5619449019     0.9966821352    -0.0423732006
    23.7713844122     0.9966826440    -0.0420010389
    23.9808239224     0.9966831398    -0.0416353477
    24.1902634326     0.9966836231    -0.0412759601
    24.3997029429     0.9966840941    -0.0409227146
    24.6091424531     0.9966845534    -0.0405754554
    24.8185819634     0.9966850012    -0.0402340319
    25.0280214736     0.9966854381    -0.0398982982
    25.2374609838     0.9966858643    -0.0395681136
    25.4469004941     0.9966862801    -0.0392433418
    25.6563400043     0.9966866860    -0.0389238510
    25.8657795146     0.9966870823    -0.0386095135
    26.0752190248     0.9966874691    -0.0383002059
    26.2846585350     0.9966878469    -0.0379958084
    26.4940980453     0.9966882158    -0.0376962053
    26.7035375555     0.9966885763    -0.0374012843
    26.9129770658     0.9966889285    -0.0371109366
    27.1224165760     0.9966892727    -0.0368250569
    27.3318560862     0.9966896090    -0.0365435428
    27.5412955965     0.9966899379    -0.0362662952
    27.7507351067     0.9966902594    -0.0359932180
    27.9601746169     0.9966905738    -0.0357242180
    28.1696141272     0.9966908814    -0.0354592045
    28.3790536374     0.9966911822    -0.0351980897
    28.5884931477     0.9966914765    -0.0349407883
    28.7979326579     0.9966917645    -0.0346872174
    29.0073721681     0.9966920464    -0.0344372966
    29.2168116784     0.9966923223    -0.0341909477
    29.4262511886     0.9966925923    -0.0339480947
    29.6356906989     0.9966928568    -0.0337086639
    29.8451302091     0.9966931157    -0.0334725834
    30.0545697193     0.9966933694    -0.0332397836
    30.2640092296     0.9966936178    -0.0330101965
    30.4734487398     0.9966938612    -0.0327837562
    30.6828882501     0.9966940997    -0.0325603984
    30.8923277603     0.9966943334    -0.0323400608
    31.1017672705     0.9966945624    -0.0321226825
    31.3112067808     0.9966947869    -0.0319082044
    31.5206462910     0.9966950070    -0.0316965688
    31.7300858013     0.9966952228    -0.0314877197
    31.9395253115     0.9966954344    -0.0312816024
    32.1489648217     0.9966956419    -0.0310781638
    32.3584043320     0.9966958454    -0.0308773519
    32.5678438422     0.9966960451    -0.0306791164
    32.7772833525     0.9966962409    -0.0304834079
    32.9867228627     0.9966964331    -0.0302901785
    33.1961623729     0.9966966217    -0.0300993815
    33.4056018832     0.9966968068    -0.0299109711
    33.6150413934     0.9966969885    -0.0297249030
    33.8244809037     0.9966971669    -0.0295411338
    34.0339204139     0.9966973419    -0.0293596211
    34.2433599241     0.9966975139    -0.0291803237
    34.4527994344     0.9966976827    -0.0290032014
    34.6622389446     0.9966978485    -0.0288282147
    34.8716784548     0.9966980113    -0.0286553253
    35.0811179651     0.9966981713    -0.0284844959
    35.2905574753     0.9966983284    -0.0283156897
    35.4999969856     0.9966984828    -0.0281488711
    35.7094364958     0.9966986345    -0.0279840053
    35.9188760060     0.9966987835    -0.0278210581
    36.1283155163     0.9966989301    -0.0276599962
    36.3377550265     0.9966990741    -0.0275007873
    36.5471945368     0.9966992156    -0.0273433994
    36.7566340470     0.9966993548    -0.0271878016
    36.9660735572     0.9966994916    -0.0270339635
    37.1755130675     0.9966996261    -0.0268818554
    37.3849525777     0.9966997584    -0.0267314484
    37.5943920880     0.9966998885    -0.0265827140
    37.8038315982     0.9967000164    -0.0264356246
    38.0132711084     0.9967001423    -0.0262901530
    38.2227106187     0.9967002661    -0.0261462727
    38.4321501289     0.9967003879    -0.0260039578
    38.6415896392     0.9967005078    -0.0258631828
    38.8510291494     0.9967006257    -0.0257239229
    39.0604686596     0.9967007417    -0.0255861537
    39.2699081699     0.9967008560    -0.0254498516
    39.4793476801     0.9967009684    -0.0253149932
    39.6887871904     0.9967010790    -0.0251815557
    39.8982267006     0.9967011879    -0.0250495167
    40.1076662108     0.9967012951    -0.0249188545
    40.3171057211     0.9967014007    -0.0247895475
    40.5265452313     0.9967015047    -0.0246615749
    40.7359847415     0.9967016070    -0.0245349161
    40.9454242518     0.9967017078    -0.0244095509
    41.1548637620     0.9967018071    -0.0242854598
    41.3643032723     0.9967019049    -0.0241626232
    41.5737427825     0.9967020012    -0.0240410225
    41.7831822927     0.9967020960    -0.0239206389
    41.9926218030     0.9967021895    -0.0238014543
    42.2020613132     0.9967022816    -0.0236834509
    42.4115008235     0.9967023723    -0.0235666113
    42.6209403337     0.9967024617    -0.0234509182
    42.8303798439     0.9967025499    -0.0233363550
    43.0398193542     0.9967026367    -0.0232229052
    43.2492588644     0.9967027223    -0.0231105525
    43.4586983747     0.9967028066    -0.0229992813
    43.6681378849     0.9967028898    -0.0228890759
    43.8775773951     0.9967029717    -0.0227799211
    44.0870169054     0.9967030525    -0.0226718020
    44.2964564156     0.9967031322    -0.0225647039
    44.5058959259     0.9967032107    -0.0224586125
    44.7153354361     0.9967032882    -0.0223535135
    44.9247749463     0.9967033646    -0.0222493932
    45.1342144566     0.9967034399    -0.0221462379
    45.3436539668     0.9967035142    -0.0220440344
    45.5530934771     0.9967035875    -0.0219427694
    45.7625329873     0.9967036597    -0.0218424301
    45.9719724975     0.9967037310    -0.0217430040
    46.1814120078     0.9967038014    -0.0216444785
    46.3908515180     0.9967038707    -0.0215468416
    46.6002910282     0.9967039392    -0.0214500812
    46.8097305385     0.9967040067    -0.0213541856
    47.0191700487     0.9967040734    -0.0212591433
    47.2286095590     0.9967041391    -0.0211649429
    47.4380490692     0.9967042040    -0.0210715734
    47.6474885794     0.9967042681    -0.0209790237
    47.8569280897     0.9967043313    -0.0208872831
    48.0663675999     0.9967043937    -0.0207963410
    48.2758071102     0.9967044553    -0.0207061872
    48.4852466204     0.9967045161    -0.0206168113
    48.6946861306     0.9967045761    -0.0205282034
    48.9041256409     0.9967046353    -0.0204403536
    49.1135651511     0.9967046938    -0.0203532522
    49.3230046614     0.9967047516    -0.0202668898
    49.5324441716     0.9967048086    -0.0201812568
    49.7418836818     0.9967048649    -0.0200963442
    49.9513231921     0.9967049205    -0.0200121429
    50.1607627023     0.9967049754    -0.0199286440
    50.3702022126     0.9967050297    -0.0198458388
    50.5796417228     0.9967050832    -0.0197637185
    50.7890812330     0.9967051361    -0.0196822749
    50.9985207433     0.9967051884    -0.0196014995
    51.2079602535     0.9967052400    -0.0195213842
    51.4173997638     0.9967052910    -0.0194419209
    51.6268392740     0.9967053414    -0.0193631017
    51.8362787842     0.9967053911    -0.0192849187
    52.0457182945     0.9967054403    -0.0192073644
    52.2551578047     0.9967054889    -0.0191304312
    52.4645973149     0.9967055369    -0.0190541116
    52.6740368252     0.9967055843    -0.0189783983
    52.8834763354     0.9967056312    -0.0189032841
    53.0929158457     0.9967056775    -0.0188287621
    53.3023553559     0.9967057233    -0.0187548251
    53.5117948661     0.9967057685    -0.0186814663
    53.7212343764     0.9967058132    -0.0186086790
    53.9306738866     0.9967058574    -0.0185364565
    54.1401133969     0.9967059011    -0.0184647923
    54.3495529071     0.9967059443    -0.0183936799
    54.5589924173     0.9967059870    -0.0183231129
    54.7684319276     0.9967060292    -0.0182530853
    54.9778714378     0.9967060709    -0.0181835906
    55.1873109481     0.9967061122    -0.0181146230
    55.3967504583     0.9967061530    -0.0180461765
    55.6061899685     0.9967061933    -0.0179782451
    55.8156294788     0.9967062332    -0.0179108230
    56.0250689890     0.9967062726    -0.0178439047
    56.2345084993     0.9967063116    -0.0177774843
    56.4439480095     0.9967063502    -0.0177115565
    56.6533875197     0.9967063883    -0.0176461157
    56.8628270300     0.9967064260    -0.0175811566
    57.0722665402     0.9967064633    -0.0175166738
    57.2817060505     0.9967065002    -0.0174526622
    57.4911455607     0.9967065367    -0.0173891166
    57.7005850709     0.9967065728    -0.0173260320
    57.9100245812     0.9967066085    -0.0172634033
    58.1194640914     0.9967066439    -0.0172012256
    58.3289036017     0.9967066788    -0.0171394941
    58.5383431119     0.9967067134    -0.0170782040
    58.7477826221     0.9967067476    -0.0170173505
    58.9572221324     0.9967067814    -0.0169569291
    59.1666616426     0.9967068149    -0.0168969351
    59.3761011528     0.9967068480    -0.0168373640
    59.5855406631     0.9967068808    -0.0167782114
    59.7949801733     0.9967069133    -0.0167194728
    60.0044196836     0.9967069454    -0.0166611440
    60.2138591938     0.9967069771    -0.0166032206
    60.4232987040     0.9967070086    -0.0165456985
    60.6327382143     0.9967070397    -0.0164885735
    60.8421777245     0.9967070705    -0.0164318415
    61.0516172348     0.9967071010    -0.0163754985
    61.2610567450     0.9967071312    -0.0163195404
    61.4704962552     0.9967071610    -0.0162639634
    61.6799357655     0.9967071906    -0.0162087636
    61.8893752757     0.9967072198    -0.0161539371
    62.0988147860     0.9967072488    -0.0160994802
    62.3082542962     0.9967072775    -0.0160453891
    62.5176938064     0.9967073059    -0.0159916602
    62.7271333167     0.9967073340    -0.0159382898
    62.9365728269     0.9967073618    -0.0158852744
    63.1460123372     0.9967073893    -0.0158326105
    63.3554518474     0.9967074166    -0.0157802945
    63.5648913576     0.9967074436    -0.0157283230
    63.7743308679     0.9967074704    -0.0156766926
    63.9837703781     0.9967074969    -0.0156254001
    64.1932098884     0.9967075231    -0.0155744420
    64.4026493986     0.9967075491    -0.0155238152
    64.6120889088     0.9967075748    -0.0154735163
    64.8215284191     0.9967076002    -0.0154235423
    65.0309679293     0.9967076255    -0.0153738900
    65.2404074395     0.9967076505    -0.0153245562
    65.4498469498     0.9967076752    -0.0152755380
    65.6592864600     0.9967076997    -0.0152268323
    65.8687259703     0.9967077240    -0.0151784362
    66.0781654805     0.9967077480    -0.0151303467
    66.2876049907     0.9967077718    -0.0150825608
    66.4970445010     0.9967077954    -0.0150350758
    66.7064840112     0.9967078188    -0.0149878888
    66.9159235215     0.9967078420    -0.0149409970
    67.1253630317     0.9967078649    -0.0148943977
    67.3348025419     0.9967078876    -0.0148480880
    67.5442420522     0.9967079101    -0.0148020654
    67.7536815624     0.9967079325    -0.0147563272
    67.9631210727     0.9967079546    -0.0147108706
    68.1725605829     0.9967079765    -0.0146656933
    68.3820000931     0.9967079982    -0.0146207925
    68.5914396034     0.9967080197    -0.0145761657
    68.8008791136     0.9967080410    -0.0145318105
    69.0103186239     0.9967080621    -0.0144877244
    69.2197581341     0.9967080830    -0.0144439049
    69.4291976443     0.9967081037    -0.0144003496
    69.6386371546     0.9967081243    -0.0143570562
    69.8480766648     0.9967081446    -0.0143140223
    70.0575161751     0.9967081648    -0.0142712455
    70.2669556853     0.9967081848    -0.0142287236
    70.4763951955     0.9967082046    -0.0141864543
    70.6858347058     0.9967082243    -0.0141444353
    70.8952742160     0.9967082437    -0.0141026645
    71.1047137262     0.9967082630    -0.0140611396
    71.3141532365     0.9967082822    -0.0140198585
    71.5235927467     0.9967083011    -0.0139788190
    71.7330322570     0.9967083199    -0.0139380191
    71.9424717672     0.9967083386    -0.0138974566
    72.1519112774     0.9967083570    -0.0138571294
    72.3613507877     0.9967083754    -0.0138170356
    72.5707902979     0.9967083935    -0.0137771731
    72.7802298082     0.9967084115    -0.0137375399
    72.9896693184     0.9967084294    -0.0136981340
    73.1991088286     0.9967084470    -0.0136589535
    73.4085483389     0.9967084646    -0.0136199965
    73.6179878491     0.9967084820    -0.0135812610
    73.8274273594     0.9967084992    -0.0135427452
    74.0368668696     0.9967085163    -0.0135044471
    74.2463063798     0.9967085333    -0.0134663651
    74.4557458901     0.9967085501    -0.0134284972
    74.6651854003     0.9967085668    -0.0133908416
    74.8746249106     0.9967085833    -0.0133533966
    75.0840644208     0.9967085997    -0.0133161604
    75.2935039310     0.9967086159    -0.0132791313
    75.5029434413     0.9967086321    -0.0132423075
    75.7123829515     0.9967086480    -0.0132056873
    75.9218224618     0.9967086639    -0.0131692691
    76.1312619720     0.9967086796    -0.0131330511
    76.3407014822     0.9967086952    -0.0130970318
    76.5501409925     0.9967087107    -0.0130612095
    76.7595805027     0.9967087260    -0.0130255826
    76.9690200129     0.9967087413    -0.0129901495
    77.1784595232     0.9967087563    -0.0129549086
    77.3878990334     0.9967087713    -0.0129198584
    77.5973385437     0.9967087862    -0.0128849973
    77.8067780539     0.9967088009    -0.0128503237
    78.0162175641     0.9967088155    -0.0128158363
    78.2256570744     0.9967088300    -0.0127815335
    78.4350965846     0.9967088444    -0.0127474138
    78.6445360949     0.9967088587    -0.0127134757
    78.8539756051     0.9967088728    -0.0126797178
    79.0634151153     0.9967088869    -0.0126461388
    79.2728546256     0.9967089008    -0.0126127370
    79.4822941358     0.9967089146    -0.0125795112
    79.6917336461     0.9967089283    -0.0125464600
    79.9011731563     0.9967089419    -0.0125135820
    80.1106126665     0.9967089554    -0.0124808759
    80.3200521768     0.9967089688    -0.0124483402
    80.5294916870     0.9967089821    -0.0124159737
    80.7389311973     0.9967089953    -0.0123837750
    80.9483707075     0.9967090084    -0.0123517429
    81.1578102177     0.9967090214    -0.0123198761
    81.3672497280     0.9967090342    -0.0122881732
    81.5766892382     0.9967090470    -0.0122566331
    81.7861287485     0.9967090597    -0.0122252544
    81.9955682587     0.9967090723    -0.0121940359
    82.2050077689     0.9967090848    -0.0121629765
    82.4144472792     0.9967090972    -0.0121320749
    82.6238867894     0.9967091095    -0.0121013299
    82.8333262997     0.9967091217    -0.0120707403
    83.0427658099     0.9967091338    -0.0120403049
    83.2522053201     0.9967091458    -0.0120100226
    83.4616448304     0.9967091578    -0.0119798922
    83.6710843406     0.9967091696    -0.0119499127
    83.8805238508     0.9967091814    -0.0119200827
    84.0899633611     0.9967091931    -0.0118904013
    84.2994028713     0.9967092046    -0.0118608674
    84.5088423816     0.9967092161    -0.0118314797
    84.7182818918     0.9967092275    -0.0118022373
    84.9277214020     0.9967092389    -0.0117731391
    85.1371609123     0.9967092501    -0.0117441840
    85.3466004225     0.9967092613    -0.0117153710
    85.5560399328     0.9967092724    -0.0116866990
    85.7654794430     0.9967092834    -0.0116581669
    85.9749189532     0.9967092943    -0.0116297738
    86.1843584635     0.9967093051    -0.0116015187
    86.3937979737     0.9967093159    -0.0115734005
    86.6032374840     0.9967093266    -0.0115454183
    86.8126769942     0.9967093372    -0.0115175710
    87.0221165044     0.9967093477    -0.0114898578
    87.2315560147     0.9967093582    -0.0114622775
    87.4409955249     0.9967093685    -0.0114348294
    87.6504350352     0.9967093789    -0.0114075123
    87.8598745454     0.9967093891    -0.0113803255
    88.0693140556     0.9967093992    -0.0113532679
    88.2787535659     0.9967094093    -0.0113263387
    88.4881930761     0.9967094193    -0.0112995369
    88.6976325864     0.9967094293    -0.0112728616
    88.9070720966     0.9967094392    -0.0112463119
    89.1165116068     0.9967094490    -0.0112198870
    89.3259511171     0.9967094587    -0.0111935860
    89.5353906273     0.9967094684    -0.0111674080
    89.7448301375     0.9967094780    -0.0111413522
    89.9542696478     0.9967094875    -0.0111154176
    90.1637091580     0.9967094970    -0.0110896034
    90.3731486683     0.9967095064    -0.0110639089
    90.5825881785     0.9967095157    -0.0110383332
    90.7920276887     0.9967095250    -0.0110128754
    91.0014671990     0.9967095342    -0.0109875348
    91.2109067092     0.9967095433    -0.0109623105
    91.4203462195     0.9967095524    -0.0109372017
    91.6297857297     0.9967095615    -0.0109122077
    91.8392252399     0.9967095704    -0.0108873276
    92.0486647502     0.9967095793    -0.0108625608
    92.2581042604     0.9967095881    -0.0108379063
    92.4675437707     0.9967095969    -0.0108133635
    92.6769832809     0.9967096056    -0.0107889316
    92.8864227911     0.9967096143    -0.0107646098
    93.0958623014     0.9967096229    -0.0107403974
    93.3053018116     0.9967096314    -0.0107162937
    93.5147413219     0.9967096399    -0.0106922980
    93.7241808321     0.9967096484    -0.0106684094
    93.9336203423     0.9967096567    -0.0106446273
    94.1430598526     0.9967096651    -0.0106209510
    94.3524993628     0.9967096733    -0.0105973798
    94.5619388731     0.9967096815    -0.0105739130
    94.7713783833     0.9967096897    -0.0105505499
    94.9808178935     0.9967096978    -0.0105272898
    95.1902574038     0.9967097058    -0.0105041320
    95.3996969140     0.9967097138    -0.0104810758
    95.6091364242     0.9967097218    -0.0104581206
    95.8185759345     0.9967097296    -0.0104352658
    96.0280154447     0.9967097375    -0.0104125106
    96.2374549550     0.9967097453    -0.0103898544
    96.4468944652     0.9967097530    -0.0103672967
    96.6563339754     0.9967097607    -0.0103448366
    96.8657734857     0.9967097683    -0.0103224736
    97.0752129959     0.9967097759    -0.0103002071
    97.2846525062     0.9967097834    -0.0102780365
    97.4940920164     0.9967097909    -0.0102559610
    97.7035315266     0.9967097984    -0.0102339802
    97.9129710369     0.9967098058    -0.0102120934
    98.1224105471     0.9967098131    -0.0101903000
    98.3318500574     0.9967098204    -0.0101685994
    98.5412895676     0.9967098277    -0.0101469911
    98.7507290778     0.9967098349    -0.0101254743
    98.9601685881     0.9967098420    -0.0101040487
    99.1696080983     0.9967098492    -0.0100827135
    99.3790476086     0.9967098562    -0.0100614682
    99.5884871188     0.9967098633    -0.0100403122
    99.7979266290     0.9967098702    -0.0100192450
   100.0073661393     0.9967098772    -0.0099982660
   100.2168056495     0.9967098841    -0.0099773747
   100.4262451598     0.9967098909    -0.0099565705
   100.6356846700     0.9967098977    -0.0099358529
   100.8451241802     0.9967099045    -0.0099152213
   101.0545636905     0.9967099112    -0.0098946752
   101.2640032007     0.9967099179    -0.0098742141
   101.4734427110     0.9967099245    -0.0098538374
   101.6828822212     0.9967099311    -0.0098335446
   101.8923217314     0.9967099377    -0.0098133352
   102.1017612417     0.9967099442    -0.0097932087
   102.3112007519     0.9967099507    -0.0097731646
   102.5206402621     0.9967099571    -0.0097532024
   102.7300797724     0.9967099635    -0.0097333216
   102.9395192826     0.9967099699    -0.0097135216
   103.1489587929     0.9967099762    -0.0096938020
   103.3583983031     0.9967099825    -0.0096741623
   103.5678378133     0.9967099888    -0.0096546021
   103.7772773236     0.9967099950    -0.0096351207
   103.9867168338     0.9967100011    -0.0096157178
   104.1961563441     0.9967100073    -0.0095963929
   104.4055958543     0.9967100134    -0.0095771455
   104.6150353645     0.9967100194    -0.0095579752
   104.8244748748     0.9967100255    -0.0095388814
   105.0339143850     0.9967100315    -0.0095198638
   105.2433538953     0.9967100374    -0.0095009218
   105.4527934055     0.9967100433    -0.0094820551
   105.6622329157     0.9967100492    -0.0094632631
   105.8716724260     0.9967100551    -0.0094445455
   106.0811119362     0.9967100609    -0.0094259018
   106.2905514465     0.9967100666    -0.0094073315
   106.4999909567     0.9967100724    -0.0093888342
   106.7094304669     0.9967100781    -0.0093704096
   106.9188699772     0.9967100838    -0.0093520571
   107.1283094874     0.9967100894    -0.0093337763
   107.3377489977     0.9967100950    -0.0093155669
   107.5471885079     0.9967101006    -0.0092974284
   107.7566280181     0.9967101062    -0.0092793603
   107.9660675284     0.9967101117    -0.0092613624
   108.1755070386     0.9967101172    -0.0092434341
   108.3849465488     0.9967101226    -0.0092255751
   108.5943860591     0.9967101280    -0.0092077850
   108.8038255693     0.9967101334    -0.0091900633
   109.0132650796     0.9967101388    -0.0091724097
   109.2227045898     0.9967101441    -0.0091548239
   109.4321441000     0.9967101494    -0.0091373053
   109.6415836103     0.9967101547    -0.0091198536
   109.8510231205     0.9967101599    -0.0091024685
   110.0604626308     0.9967101651    -0.0090851495
   110.2699021410     0.9967101703    -0.0090678962
   110.4793416512     0.9967101754    -0.0090507084
   110.6887811615     0.9967101805    -0.0090335856
   110.8982206717     0.9967101856    -0.0090165275
   111.1076601820     0.9967101907    -0.0089995337
   111.3170996922     0.9967101957    -0.0089826038
   111.5265392024     0.9967102007    -0.0089657375
   111.7359787127     0.9967102057    -0.0089489343
   111.9454182229     0.9967102106    -0.0089321941
   112.1548577332     0.9967102156    -0.0089155164
   112.3642972434     0.9967102205    -0.0088989008
   112.5737367536     0.9967102253    -0.0088823470
   112.7831762639     0.9967102302    -0.0088658547
   112.9926157741     0.9967102350    -0.0088494235
   113.2020552844     0.9967102398    -0.0088330531
   113.4114947946     0.9967102445    -0.0088167432
   113.6209343048     0.9967102492    -0.0088004934
   113.8303738151     0.9967102539    -0.0087843034
   114.0398133253     0.9967102586    -0.0087681728
   114.2492528355     0.9967102633    -0.0087521013
   114.4586923458     0.9967102679    -0.0087360887
   114.6681318560     0.9967102725    -0.0087201345
   114.8775713663     0.9967102771    -0.0087042385
   115.0870108765     0.9967102816    -0.0086884003
   115.2964503867     0.9967102862    -0.0086726197
   115.5058898970     0.9967102907    -0.0086568963
   115.7153294072     0.9967102951    -0.0086412298
   115.9247689175     0.9967102996    -0.0086256199
   116.1342084277     0.9967103040    -0.0086100663
   116.3436479379     0.9967103084    -0.0085945686
   116.5530874482     0.9967103128    -0.0085791267
   116.7625269584     0.9967103172    -0.0085637401
   116.9719664687     0.9967103215    -0.0085484087
   117.1814059789     0.9967103258    -0.0085331320
   117.3908454891     0.9967103301    -0.0085179098
   117.6002849994     0.9967103344    -0.0085027419
   117.8097245096     0.9967103386    -0.0084876278
   118.0191640199     0.9967103429    -0.0084725674
   118.2286035301     0.9967103471    -0.0084575603
   118.4380430403     0.9967103512    -0.0084426063
   118.6474825506     0.9967103554    -0.0084277051
   118.8569220608     0.9967103595    -0.0084128564
   119.0663615711     0.9967103636    -0.0083980599
   119.2758010813     0.9967103677    -0.0083833154
   119.4852405915     0.9967103718    -0.0083686225
   119.6946801018     0.9967103758    -0.0083539811
   119.9041196120     0.9967103799    -0.0083393908
   120.1135591222     0.9967103839    -0.0083248514
   120.3229986325     0.9967103878    -0.0083103626
   120.5324381427     0.9967103918    -0.0082959241
   120.7418776530     0.9967103958    -0.0082815357
   120.9513171632     0.9967103997    -0.0082671971
   121.1607566734     0.9967104036    -0.0082529081
   121.3701961837     0.9967104075    -0.0082386684
   121.5796356939     0.9967104113    -0.0082244777
   121.7890752042     0.9967104152    -0.0082103359
   121.9985147144     0.9967104190    -0.0081962426
   122.2079542246     0.9967104228    -0.0081821975
   122.4173937349     0.9967104266    -0.0081682006
   122.6268332451     0.9967104303    -0.0081542514
   122.8362727554     0.9967104341    -0.0081403498
   123.0457122656     0.9967104378    -0.0081264955
   123.2551517758     0.9967104415    -0.0081126883
   123.4645912861     0.9967104452    -0.0080989279
   123.6740307963     0.9967104489    -0.0080852142
   123.8834703066     0.9967104525    -0.0080715468
   124.0929098168     0.9967104561    -0.0080579255
   124.3023493270     0.9967104598    -0.0080443501
   124.5117888373     0.9967104633    -0.0080308203
   124.7212283475     0.9967104669    -0.0080173360
   124.9306678578     0.9967104705    -0.0080038969
   125.1401073680     0.9967104740    -0.0079905028
   125.3495468782     0.9967104775    -0.0079771535
   125.5589863885     0.9967104811    -0.0079638486
   125.7684258987     0.9967104845    -0.0079505881
   125.9778654090     0.9967104880    -0.0079373716
   126.1873049192     0.9967104915    -0.0079241990
   126.3967444294     0.9967104949    -0.0079110701
   126.6061839397     0.9967104983    -0.0078979846
   126.8156234499     0.9967105017    -0.0078849423
   127.0250629601     0.9967105051    -0.0078719430
   127.2345024704     0.9967105085    -0.0078589865
   127.4439419806     0.9967105118    -0.0078460726
   127.6533814909     0.9967105152    -0.0078332010
   127.8628210011     0.9967105185    -0.0078203716
   128.0722605113     0.9967105218    -0.0078075842
   128.2817000216     0.9967105251    -0.0077948385
   128.4911395318     0.9967105283    -0.0077821343
   128.7005790421     0.9967105316    -0.0077694715
   128.9100185523     0.9967105348    -0.0077568498
   129.1194580625     0.9967105381    -0.0077442691
   129.3288975728     0.9967105413    -0.0077317291
   129.5383370830     0.9967105445    -0.0077192296
   129.7477765933     0.9967105476    -0.0077067705
   129.9572161035     0.9967105508    -0.0076943516
   130.1666556137     0.9967105540    -0.0076819726
   130.3760951240     0.9967105571    -0.0076696334
   130.5855346342     0.9967105602    -0.0076573337
   130.7949741445     0.9967105633    -0.0076450735
   131.0044136547     0.9967105664    -0.0076328524
   131.2138531649     0.9967105695    -0.0076206703
   131.4232926752     0.9967105725    -0.0076085271
   131.6327321854     0.9967105756    -0.0075964225
   131.8421716957     0.9967105786    -0.0075843563
   132.0516112059     0.9967105816    -0.0075723284
   132.2610507161     0.9967105846    -0.0075603386
   132.4704902264     0.9967105876    -0.0075483867
   132.6799297366     0.9967105906    -0.0075364726
   132.8893692468     0.9967105935    -0.0075245960
   133.0988087571     0.9967105965    -0.0075127567
   133.3082482673     0.9967105994    -0.0075009547
   133.5176877776     0.9967106023    -0.0074891896
   133.7271272878     0.9967106052    -0.0074774615
   133.9365667980     0.9967106081    -0.0074657700
   134.1460063083     0.9967106110    -0.0074541149
   134.3554458185     0.9967106138    -0.0074424963
   134.5648853288     0.9967106167    -0.0074309138
   134.7743248390     0.9967106195    -0.0074193672
   134.9837643492     0.9967106223    -0.0074078565
   135.1932038595     0.9967106251    -0.0073963815
   135.4026433697     0.9967106279    -0.0073849420
   135.6120828800     0.9967106307    -0.0073735378
   135.8215223902     0.9967106335    -0.0073621687
   136.0309619004     0.9967106362    -0.0073508347
   136.2404014107     0.9967106390    -0.0073395355
   136.4498409209     0.9967106417    -0.0073282710
   136.6592804312     0.9967106444    -0.0073170410
   136.8687199414     0.9967106471    -0.0073058453
   137.0781594516     0.9967106498    -0.0072946839
   137.2875989619     0.9967106525    -0.0072835565
   137.4970384721     0.9967106552    -0.0072724630
   137.7064779824     0.9967106578    -0.0072614033
   137.9159174926     0.9967106605    -0.0072503771
   138.1253570028     0.9967106631    -0.0072393844
   138.3347965131     0.9967106657    -0.0072284250
   138.5442360233     0.9967106683    -0.0072174987
   138.7536755335     0.9967106709    -0.0072066053
   138.9631150438     0.9967106735    -0.0071957448
   139.1725545540     0.9967106761    -0.0071849170
   139.3819940643     0.9967106787    -0.0071741217
   139.5914335745     0.9967106812    -0.0071633589
   139.8008730847     0.9967106838    -0.0071526282
   140.0103125950     0.9967106863    -0.0071419297
   140.2197521052     0.9967106888    -0.0071312631
   140.4291916155     0.9967106913    -0.0071206283
   140.6386311257     0.9967106938    -0.0071100252
   140.8480706359     0.9967106963    -0.0070994536
   141.0575101462     0.9967106988    -0.0070889134
   141.2669496564     0.9967107012    -0.0070784045
   141.4763891667     0.9967107037    -0.0070679266
   141.6858286769     0.9967107061    -0.0070574798
   141.8952681871     0.9967107085    -0.0070470638
   142.1047076974     0.9967107110    -0.0070366784
   142.3141472076     0.9967107134    -0.0070263237
   142.5235867179     0.9967107158    -0.0070159993
   142.7330262281     0.9967107181    -0.0070057053
   142.9424657383     0.9967107205    -0.0069954414
   143.1519052486     0.9967107229    -0.0069852076
   143.3613447588     0.9967107252    -0.0069750036
   143.5707842691     0.9967107276    -0.0069648295
   143.7802237793     0.9967107299    -0.0069546849
   143.9896632895     0.9967107322    -0.0069445699
   144.1991027998     0.9967107346    -0.0069344842
   144.4085423100     0.9967107369    -0.0069244278
   144.6179818203     0.9967107392    -0.0069144005
   144.8274213305     0.9967107414    -0.0069044022
   145.0368608407     0.9967107437    -0.0068944328
   145.2463003510     0.9967107460    -0.0068844922
   145.4557398612     0.9967107482    -0.0068745801
   145.6651793714     0.9967107505    -0.0068646966
   145.8746188817     0.9967107527    -0.0068548414
   146.0840583919     0.9967107549    -0.0068450145
   146.2934979022     0.9967107572    -0.0068352157
   146.5029374124     0.9967107594    -0.0068254450
   146.7123769226     0.9967107616    -0.0068157021
   146.9218164329     0.9967107637    -0.0068059870
   147.1312559431     0.9967107659    -0.0067962996
   147.3406954534     0.9967107681    -0.0067866397
   147.5501349636     0.9967107703    -0.0067770072
   147.7595744738     0.9967107724    -0.0067674020
   147.9690139841     0.9967107746    -0.0067578240
   148.1784534943     0.9967107767    -0.0067482731
   148.3878930046     0.9967107788    -0.0067387491
   148.5973325148     0.9967107809    -0.0067292520
   148.8067720250     0.9967107830    -0.0067197816
   149.0162115353     0.9967107851    -0.0067103378
   149.2256510455     0.9967107872    -0.0067009206
   149.4350905558     0.9967107893    -0.0066915297
   149.6445300660     0.9967107914    -0.0066821651
   149.8539695762     0.9967107934    -0.0066728267
   150.0634090865     0.9967107955    -0.0066635144
   150.2728485967     0.9967107975    -0.0066542280
   150.4822881070     0.9967107996    -0.0066449674
   150.6917276172     0.9967108016    -0.0066357326
   150.9011671274     0.9967108036    -0.0066265234
   151.1106066377     0.9967108056    -0.0066173398
   151.3200461479     0.9967108076    -0.0066081815
   151.5294856581     0.9967108096    -0.0065990486
   151.7389251684     0.9967108116    -0.0065899409
   151.9483646786     0.9967108136    -0.0065808583
   152.1578041889     0.9967108155    -0.0065718007
   152.3672436991     0.9967108175    -0.0065627680
   152.5766832093     0.9967108195    -0.0065537601
   152.7861227196     0.9967108214    -0.0065447768
   152.9955622298     0.9967108233    -0.0065358182
   153.2050017401     0.9967108253    -0.0065268841
   153.4144412503     0.9967108272    -0.0065179743
   153.6238807605     0.9967108291    -0.0065090889
   153.8333202708     0.9967108310    -0.0065002276
   154.0427597810     0.9967108329    -0.0064913904
   154.2521992913     0.9967108348    -0.0064825772
   154.4616388015     0.9967108367    -0.0064737880
   154.6710783117     0.9967108386    -0.0064650225
   154.8805178220     0.9967108404    -0.0064562807
   155.0899573322     0.9967108423    -0.0064475625
   155.2993968425     0.9967108441    -0.0064388679
   155.5088363527     0.9967108460    -0.0064301967
   155.7182758629     0.9967108478    -0.0064215487
   155.9277153732     0.9967108497    -0.0064129240
   156.1371548834     0.9967108515    -0.0064043225
   156.3465943937     0.9967108533    -0.0063957440
   156.5560339039     0.9967108551    -0.0063871884
   156.7654734141     0.9967108569    -0.0063786557
   156.9749129244     0.9967108587    -0.0063701458
   157.1843524346     0.9967108605    -0.0063616585
   157.3937919448     0.9967108623    -0.0063531939
   157.6032314551     0.9967108640    -0.0063447517
   157.8126709653     0.9967108658    -0.0063363319
   158.0221104756     0.9967108676    -0.0063279345
   158.2315499858     0.9967108693    -0.0063195592
   158.4409894960     0.9967108711    -0.0063112062
   158.6504290063     0.9967108728    -0.0063028751
   158.8598685165     0.9967108745    -0.0062945660
   159.0693080268     0.9967108762    -0.0062862789
   159.2787475370     0.9967108780    -0.0062780134
   159.4881870472     0.9967108797    -0.0062697698
   159.6976265575     0.9967108814    -0.0062615477
   159.9070660677     0.9967108831    -0.0062533471
   160.1165055780     0.9967108848    -0.0062451681
   160.3259450882     0.9967108864    -0.0062370103
   160.5353845984     0.9967108881    -0.0062288739
   160.7448241087     0.9967108898    -0.0062207587
   160.9542636189     0.9967108915    -0.0062126645
   161.1637031292     0.9967108931    -0.0062045915
   161.3731426394     0.9967108948    -0.0061965393
   161.5825821496     0.9967108964    -0.0061885081
   161.7920216599     0.9967108980    -0.0061804976
   162.0014611701     0.9967108997    -0.0061725078
   162.2109006804     0.9967109013    -0.0061645387
   162.4203401906     0.9967109029    -0.0061565901
   162.6297797008     0.9967109045    -0.0061486620
   162.8392192111     0.9967109061    -0.0061407543
   163.0486587213     0.9967109077    -0.0061328669
   163.2580982315     0.9967109093    -0.0061249997
   163.4675377418     0.9967109109    -0.0061171527
   163.6769772520     0.9967109125    -0.0061093258
   163.8864167623     0.9967109141    -0.0061015189
   164.0958562725     0.9967109157    -0.0060937319
   164.3052957827     0.9967109172    -0.0060859647
   164.5147352930     0.9967109188    -0.0060782173
   164.7241748032     0.9967109203    -0.0060704897
   164.9336143135     0.9967109219    -0.0060627816
   165.1430538237     0.9967109234    -0.0060550931
   165.3524933339     0.9967109250    -0.0060474241
   165.5619328442     0.9967109265    -0.0060397744
   165.7713723544     0.9967109280    -0.0060321441
   165.9808118647     0.9967109295    -0.0060245331
   166.1902513749     0.9967109310    -0.0060169412
   166.3996908851     0.9967109325    -0.0060093685
   166.6091303954     0.9967109340    -0.0060018148
   166.8185699056     0.9967109355    -0.0059942800
   167.0280094159     0.9967109370    -0.0059867641
   167.2374489261     0.9967109385    -0.0059792671
   167.4468884363     0.9967109400    -0.0059717888
   167.6563279466     0.9967109415    -0.0059643292
   167.8657674568     0.9967109429    -0.0059568882
   168.0752069671     0.9967109444    -0.0059494658
   168.2846464773     0.9967109458    -0.0059420618
   168.4940859875     0.9967109473    -0.0059346762
   168.7035254978     0.9967109487    -0.0059273090
   168.9129650080     0.9967109502    -0.0059199601
   169.1224045183     0.9967109516    -0.0059126293
   169.3318440285     0.9967109530    -0.0059053167
   169.5412835387     0.9967109545    -0.0058980221
   169.7507230490     0.9967109559    -0.0058907455
   169.9601625592     0.9967109573    -0.0058834869
   170.1696020694     0.9967109587    -0.0058762461
   170.3790415797     0.9967109601    -0.0058690231
   170.5884810899     0.9967109615    -0.0058618179
   170.7979206002     0.9967109629    -0.0058546303
   171.0073601104     0.9967109643    -0.0058474604
   171.2167996206     0.9967109657    -0.0058403080
   171.4262391309     0.9967109670    -0.0058331730
   171.6356786411     0.9967109684    -0.0058260555
   171.8451181514     0.9967109698    -0.0058189553
   172.0545576616     0.9967109711    -0.0058118724
   172.2639971718     0.9967109725    -0.0058048067
   172.4734366821     0.9967109738    -0.0057977582
   172.6828761923     0.9967109752    -0.0057907268
   172.8923157026     0.9967109765    -0.0057837124
   173.1017552128     0.9967109779    -0.0057767149
   173.3111947230     0.9967109792    -0.0057697344
   173.5206342333     0.9967109805    -0.0057627708
   173.7300737435     0.9967109819    -0.0057558239
   173.9395132538     0.9967109832    -0.0057488938
   174.1489527640     0.9967109845    -0.0057419803
   174.3583922742     0.9967109858    -0.0057350834
   174.5678317845     0.9967109871    -0.0057282031
   174.7772712947     0.9967109884    -0.0057213392
   174.9867108050     0.9967109897    -0.0057144918
   175.1961503152     0.9967109910    -0.0057076608
   175.4055898254     0.9967109923    -0.0057008461
   175.6150293357     0.9967109936    -0.0056940476
   175.8244688459     0.9967109948    -0.0056872653
   176.0339083561     0.9967109961    -0.0056804992
   176.2433478664     0.9967109974    -0.0056737491
   176.4527873766     0.9967109986    -0.0056670151
   176.6622268869     0.9967109999    -0.0056602970
   176.8716663971     0.9967110011    -0.0056535949
   177.0811059073     0.9967110024    -0.0056469086
   177.2905454176     0.9967110036    -0.0056402381
   177.4999849278     0.9967110049    -0.0056335833
   177.7094244381     0.9967110061    -0.0056269442
   177.9188639483     0.9967110073    -0.0056203207
   178.1283034585     0.9967110086    -0.0056137129
   178.3377429688     0.9967110098    -0.0056071205
   178.5471824790     0.9967110110    -0.0056005436
   178.7566219893     0.9967110122    -0.0055939821
   178.9660614995     0.9967110134    -0.0055874360
   179.1755010097     0.9967110146    -0.0055809051
   179.3849405200     0.9967110158    -0.0055743896
   179.5943800302     0.9967110170    -0.0055678892
   179.8038195405     0.9967110182    -0.0055614039
   180.0132590507     0.9967110194    -0.0055549338
   180.2226985609     0.9967110206    -0.0055484787
   180.4321380712     0.9967110218    -0.0055420385
   180.6415775814     0.9967110230    -0.0055356133
   180.8510170917     0.9967110241    -0.0055292030
   181.0604566019     0.9967110253    -0.0055228075
   181.2698961121     0.9967110265    -0.0055164268
   181.4793356224     0.9967110276    -0.0055100608
   181.6887751326     0.9967110288    -0.0055037095
   181.8982146428     0.9967110299    -0.0054973728
   182.1076541531     0.9967110311    -0.0054910507
   182.3170936633     0.9967110322    -0.0054847431
   182.5265331736     0.9967110334    -0.0054784500
   182.7359726838     0.9967110345    -0.0054721713
   182.9454121940     0.9967110357    -0.0054659070
   183.1548517043     0.9967110368    -0.0054596570
   183.3642912145     0.9967110379    -0.0054534213
   183.5737307248     0.9967110390    -0.0054471998
   183.7831702350     0.9967110401    -0.0054409925
   183.9926097452     0.9967110413    -0.0054347993
   184.2020492555     0.9967110424    -0.0054286202
   184.4114887657     0.9967110435    -0.0054224551
   184.6209282760     0.9967110446    -0.0054163041
   184.8303677862     0.9967110457    -0.0054101669
   185.0398072964     0.9967110468    -0.0054040437
   185.2492468067     0.9967110479    -0.0053979343
   185.4586863169     0.9967110490    -0.0053918387
   185.6681258272     0.9967110500    -0.0053857568
   185.8775653374     0.9967110511    -0.0053796887
   186.0870048476     0.9967110522    -0.0053736342
   186.2964443579     0.9967110533    -0.0053675933
   186.5058838681     0.9967110543    -0.0053615660
   186.7153233784     0.9967110554    -0.0053555522
   186.9247628886     0.9967110565    -0.0053495519
   187.1342023988     0.9967110575    -0.0053435650
   187.3436419091     0.9967110586    -0.0053375915
   187.5530814193     0.9967110596    -0.0053316314
   187.7625209295     0.9967110607    -0.0053256845
   187.9719604398     0.9967110617    -0.0053197509
   188.1813999500     0.9967110628    -0.0053138305
   188.3908394603     0.9967110638    -0.0053079233
   188.6002789705     0.9967110648    -0.0053020291
   188.8097184807     0.9967110659    -0.0052961481
   189.0191579910     0.9967110669    -0.0052902801
   189.2285975012     0.9967110679    -0.0052844250
   189.4380370115     0.9967110689    -0.0052785830
   189.6474765217     0.9967110700    -0.0052727538
   189.8569160319     0.9967110710    -0.0052669375
   190.0663555422     0.9967110720    -0.0052611340
   190.2757950524     0.9967110730    -0.0052553432
   190.4852345627     0.9967110740    -0.0052495652
   190.6946740729     0.9967110750    -0.0052437999
   190.9041135831     0.9967110760    -0.0052380473
   191.1135530934     0.9967110770    -0.0052323072
   191.3229926036     0.9967110780    -0.0052265798
   191.5324321139     0.9967110790    -0.0052208648
   191.7418716241     0.9967110799    -0.0052151623
   191.9513111343     0.9967110809    -0.0052094723
   192.1607506446     0.9967110819    -0.0052037947
   192.3701901548     0.9967110829    -0.0051981294
   192.5796296651     0.9967110838    -0.0051924765
   192.7890691753     0.9967110848    -0.0051868358
   192.9985086855     0.9967110858    -0.0051812074
   193.2079481958     0.9967110867    -0.0051755912
   193.4173877060     0.9967110877    -0.0051699871
   193.6268272163     0.9967110887    -0.0051643952
   193.8362667265     0.9967110896    -0.0051588153
   194.0457062367     0.9967110906    -0.0051532475
   194.2551457470     0.9967110915    -0.0051476917
   194.4645852572     0.9967110924    -0.0051421479
   194.6740247674     0.9967110934    -0.0051366160
   194.8834642777     0.9967110943    -0.0051310960
   195.0929037879     0.9967110953    -0.0051255878
   195.3023432982     0.9967110962    -0.0051200915
   195.5117828084     0.9967110971    -0.0051146069
   195.7212223186     0.9967110980    -0.0051091341
   195.9306618289     0.9967110990    -0.0051036729
   196.1401013391     0.9967110999    -0.0050982234
   196.3495408494     0.9967111008    -0.0050927856
   196.5589803596     0.9967111017    -0.0050873593
   196.7684198698     0.9967111026    -0.0050819446
   196.9778593801     0.9967111035    -0.0050765414
   197.1872988903     0.9967111044    -0.0050711497
   197.3967384006     0.9967111053    -0.0050657694
   197.6061779108     0.9967111062    -0.0050604005
   197.8156174210     0.9967111071    -0.0050550430
   198.0250569313     0.9967111080    -0.0050496968
   198.2344964415     0.9967111089    -0.0050443619
   198.4439359518     0.9967111098    -0.0050390383
   198.6533754620     0.9967111107    -0.0050337259
   198.8628149722     0.9967111116    -0.0050284247
   199.0722544825     0.9967111124    -0.0050231346
   199.2816939927     0.9967111133    -0.0050178557
   199.4911335030     0.9967111142    -0.0050125878
   199.7005730132     0.9967111151    -0.0050073310
   199.9100125234     0.9967111159    -0.0050020852
   200.1194520337     0.9967111168    -0.0049968504
   200.3288915439     0.9967111177    -0.0049916266
   200.5383310541     0.9967111185    -0.0049864136
   200.7477705644     0.9967111194    -0.0049812115
   200.9572100746     0.9967111202    -0.0049760203
   201.1666495849     0.9967111211    -0.0049708399
   201.3760890951     0.9967111219    -0.0049656702
   201.5855286053     0.9967111228    -0.0049605113
   201.7949681156     0.9967111236    -0.0049553631
   202.0044076258     0.9967111245    -0.0049502256
   202.2138471361     0.9967111253    -0.0049450987
   202.4232866463     0.9967111261    -0.0049399824
   202.6327261565     0.9967111270    -0.0049348767
   202.8421656668     0.9967111278    -0.0049297815
   203.0516051770     0.9967111286    -0.0049246969
   203.2610446873     0.9967111295    -0.0049196227
   203.4704841975     0.9967111303    -0.0049145590
   203.6799237077     0.9967111311    -0.0049095057
   203.8893632180     0.9967111319    -0.0049044627
   204.0988027282     0.9967111327    -0.0048994302
   204.3082422385     0.9967111336    -0.0048944079
   204.5176817487     0.9967111344    -0.0048893959
   204.7271212589     0.9967111352    -0.0048843942
   204.9365607692     0.9967111360    -0.0048794027
   205.1460002794     0.9967111368    -0.0048744214
   205.3554397897     0.9967111376    -0.0048694502
   205.5648792999     0.9967111384    -0.0048644892
   205.7743188101     0.9967111392    -0.0048595383
   205.9837583204     0.9967111400    -0.0048545974
   206.1931978306     0.9967111408    -0.0048496666
   206.4026373408     0.9967111416    -0.0048447458
   206.6120768511     0.9967111423    -0.0048398349
   206.8215163613     0.9967111431    -0.0048349340
   207.0309558716     0.9967111439    -0.0048300430
   207.2403953818     0.9967111447    -0.0048251620
   207.4498348920     0.9967111455    -0.0048202907
   207.6592744023     0.9967111462    -0.0048154293
   207.8687139125     0.9967111470    -0.0048105777
   208.0781534228     0.9967111478    -0.0048057358
   208.2875929330     0.9967111486    -0.0048009037
   208.4970324432     0.9967111493    -0.0047960813
   208.7064719535     0.9967111501    -0.0047912686
   208.9159114637     0.9967111508    -0.0047864655
   209.1253509740     0.9967111516    -0.0047816720
   209.3347904842     0.9967111524    -0.0047768882
   209.5442299944     0.9967111531    -0.0047721139
   209.7536695047     0.9967111539    -0.0047673491
   209.9631090149     0.9967111546    -0.0047625938
   210.1725485252     0.9967111554    -0.0047578480
   210.3819880354     0.9967111561    -0.0047531117
   210.5914275456     0.9967111568    -0.0047483848
   210.8008670559     0.9967111576    -0.0047436672
   211.0103065661     0.9967111583    -0.0047389591
   211.2197460764     0.9967111591    -0.0047342602
   211.4291855866     0.9967111598    -0.0047295707
   211.6386250968     0.9967111605    -0.0047248905
   211.8480646071     0.9967111613    -0.0047202195
   212.0575041173     0.9967111620    -0.0047155577
   212.2669436276     0.9967111627    -0.0047109052
   212.4763831378     0.9967111634    -0.0047062618
   212.6858226480     0.9967111642    -0.0047016275
   212.8952621583     0.9967111649    -0.0046970024
   213.1047016685     0.9967111656    -0.0046923864
   213.3141411787     0.9967111663    -0.0046877794
   213.5235806890     0.9967111670    -0.0046831815
   213.7330201992     0.9967111677    -0.0046785925
   213.9424597095     0.9967111684    -0.0046740126
   214.1518992197     0.9967111691    -0.0046694416
   214.3613387299     0.9967111698    -0.0046648795
   214.5707782402     0.9967111705    -0.0046603264
